23, 2, 14, 6, 1, 9, 1, 11
48, 1, 11, 1, 1, 5, 1, 7
48, 1, 10, 1, 1, 5, 39, 36
44, 1, 12, 3, 1, 2, 1, 36
36, 1, 14, 1, 1, 5, 1, 0
55, 1, 10, 1, 1, 3, 1, 1
41, 1, 12, 1, 1, 5, 1, 2
37, 2, 7, 4, 2, 5, 1, 23
54, 1, 12, 1, 1, 8, 1, 10
44, 1, 10, 1, 2, 9, 1, 44
39, 2, 7, 1, 1, 3, 1, 22
28, 1, 14, 1, 1, 10, 1, 31
34, 1, 11, 4, 1, 5, 1, 43
46, 1, 14, 1, 6, 3, 48, 7
26, 1, 11, 1, 1, 6, 14, 49
40, 1, 11, 1, 1, 5, 1, 24
44, 1, 11, 1, 2, 5, 1, 23
37, 1, 10, 1, 1, 5, 1, 28
35, 1, 15, 6, 1, 5, 1, 0
24, 1, 7, 1, 7, 5, 1, 32
39, 1, 14, 6, 1, 5, 1, 0
63, 1, 14, 1, 1, 5, 1, 6
38, 1, 14, 1, 1, 5, 1, 6
35, 1, 14, 1, 1, 9, 1, 11
41, 1, 9, 6, 1, 5, 1, 36
80, 1, 15, 1, 1, 2, 1, 21
42, 2, 11, 4, 1, 5, 1, 28
48, 1, 15, 1, 1, 6, 1, 8
32, 1, 10, 1, 1, 5, 1, 31
40, 2, 12, 6, 7, 8, 1, 21
67, 1, 1, 4, 2, 5, 1, 48
73, 1, 11, 1, 1, 5, 1, 4
20, 1, 11, 6, 2, 5, 6, 20
54, 1, 11, 1, 1, 5, 1, 23
55, 1, 10, 1, 1, 5, 1, 34
38, 1, 6, 1, 7, 5, 3, 30
45, 1, 12, 1, 1, 5, 1, 6
67, 1, 15, 1, 1, 2, 1, 5
31, 1, 8, 6, 1, 5, 1, 35
48, 1, 10, 1, 1, 5, 1, 10
32, 1, 10, 1, 7, 5, 7, 40
40, 1, 14, 1, 1, 5, 1, 2
43, 1, 14, 1, 1, 5, 1, 4
19, 2, 11, 6, 1, 5, 1, 29
77, 2, 8, 5, 1, 5, 1, 23
36, 2, 11, 5, 1, 5, 1, 3
58, 1, 5, 4, 1, 5, 1, 45
28, 1, 8, 1, 1, 5, 1, 36
58, 1, 15, 1, 1, 5, 1, 36
48, 1, 15, 4, 1, 5, 1, 5
57, 1, 15, 3, 1, 3, 1, 24
54, 1, 14, 1, 1, 10, 1, 2
33, 1, 14, 6, 1, 5, 1, 25
44, 2, 10, 1, 1, 5, 1, 43
59, 1, 11, 1, 1, 2, 1, 24
45, 1, 10, 6, 2, 5, 1, 28
55, 2, 10, 1, 1, 5, 1, 23
51, 1, 12, 4, 1, 2, 1, 3
55, 1, 10, 4, 1, 5, 1, 38
35, 1, 11, 4, 1, 5, 1, 35
60, 1, 16, 1, 1, 5, 1, 10
23, 1, 12, 6, 1, 9, 1, 35
59, 2, 10, 5, 1, 5, 1, 26
49, 2, 10, 6, 1, 5, 1, 28
36, 2, 10, 3, 1, 5, 1, 29
46, 1, 11, 1, 1, 5, 1, 44
59, 1, 10, 1, 1, 5, 1, 38
52, 1, 8, 1, 1, 5, 1, 45
32, 1, 11, 1, 1, 5, 1, 5
43, 2, 11, 4, 1, 5, 1, 25
31, 1, 14, 4, 8, 8, 1, 11
46, 1, 10, 1, 1, 2, 1, 1
30, 2, 11, 1, 1, 9, 1, 26
63, 1, 11, 4, 1, 5, 1, 45
53, 1, 14, 1, 1, 5, 1, 7
48, 1, 14, 1, 1, 5, 1, 4
54, 2, 11, 4, 1, 6, 1, 27
51, 1, 1, 1, 1, 5, 28, 31
18, 1, 8, 6, 1, 5, 1, 43
37, 1, 11, 1, 1, 2, 1, 42
60, 1, 14, 1, 1, 5, 1, 0
55, 1, 14, 1, 1, 5, 1, 23
50, 2, 10, 3, 2, 9, 1, 20
47, 1, 14, 1, 1, 2, 1, 24
46, 2, 12, 3, 1, 5, 1, 22
59, 1, 11, 4, 1, 5, 1, 30
35, 1, 7, 1, 1, 5, 1, 33
19, 2, 5, 1, 7, 5, 1, 30
26, 1, 10, 6, 2, 2, 1, 22
55, 1, 11, 1, 1, 5, 1, 6
68, 1, 14, 1, 1, 8, 1, 11
66, 2, 15, 1, 1, 8, 1, 11
40, 1, 11, 1, 4, 6, 46, 48
24, 1, 11, 6, 1, 5, 1, 24
73, 2, 6, 4, 1, 5, 1, 43
74, 1, 14, 4, 1, 8, 1, 4
22, 1, 10, 6, 1, 5, 1, 36
40, 1, 11, 1, 8, 9, 1, 19
48, 1, 11, 6, 1, 5, 1, 45
33, 1, 11, 1, 1, 5, 1, 1
27, 1, 14, 6, 1, 5, 1, 25
36, 1, 10, 1, 1, 8, 1, 31
50, 1, 14, 1, 2, 5, 1, 24
53, 1, 16, 1, 1, 2, 1, 15
31, 1, 6, 1, 1, 5, 1, 48
48, 2, 12, 6, 1, 5, 1, 3
30, 1, 10, 1, 1, 5, 1, 41
27, 2, 10, 1, 2, 9, 1, 19
29, 1, 10, 1, 2, 9, 1, 21
43, 1, 12, 1, 1, 5, 1, 1
23, 1, 11, 6, 1, 5, 1, 3
36, 2, 12, 6, 1, 5, 1, 25
33, 1, 12, 1, 1, 5, 1, 45
30, 2, 10, 4, 2, 5, 1, 38
33, 1, 10, 1, 2, 5, 6, 31
43, 1, 11, 4, 1, 5, 1, 19
32, 1, 10, 3, 1, 5, 3, 0
48, 1, 11, 6, 1, 5, 1, 7
63, 1, 9, 1, 1, 5, 1, 45
41, 1, 10, 1, 1, 2, 1, 13
39, 1, 10, 1, 1, 5, 1, 31
54, 2, 14, 6, 1, 5, 1, 16
40, 1, 6, 1, 1, 5, 1, 36
42, 1, 11, 1, 2, 5, 1, 24
31, 1, 11, 1, 1, 5, 1, 41
45, 1, 10, 1, 1, 5, 1, 31
27, 2, 12, 6, 2, 5, 1, 25
36, 1, 9, 6, 1, 5, 1, 31
23, 1, 10, 6, 1, 5, 1, 21
46, 1, 10, 1, 1, 5, 1, 45
51, 1, 11, 4, 1, 5, 1, 40
57, 2, 11, 5, 1, 2, 1, 22
43, 1, 11, 1, 1, 5, 1, 31
52, 1, 10, 1, 1, 5, 1, 27
53, 1, 14, 1, 1, 5, 1, 11
30, 1, 10, 1, 1, 9, 1, 19
65, 1, 14, 4, 1, 5, 1, 23
52, 1, 14, 1, 1, 6, 1, 36
25, 1, 9, 1, 1, 5, 1, 35
52, 2, 15, 6, 1, 5, 1, 1
51, 2, 15, 6, 1, 8, 1, 11
38, 1, 10, 1, 2, 6, 1, 36
28, 1, 9, 1, 1, 9, 1, 31
35, 2, 11, 4, 1, 5, 1, 25
67, 1, 5, 1, 1, 2, 1, 1
47, 1, 10, 1, 1, 5, 1, 21
47, 1, 12, 1, 1, 5, 1, 48
47, 2, 5, 4, 2, 5, 6, 18
36, 1, 11, 1, 1, 6, 1, 25
43, 2, 11, 6, 2, 5, 1, 29
43, 1, 10, 1, 2, 3, 6, 6
35, 1, 14, 6, 1, 6, 1, 4
36, 1, 1, 6, 7, 5, 4, 31
39, 1, 10, 4, 2, 5, 1, 48
26, 1, 11, 6, 1, 5, 55, 2
41, 1, 14, 1, 1, 2, 1, 15
39, 2, 10, 4, 1, 5, 1, 23
54, 1, 5, 1, 1, 2, 1, 2
47, 1, 17, 1, 6, 3, 48, 3
33, 2, 12, 4, 1, 5, 1, 18
62, 1, 10, 1, 1, 5, 1, 2
59, 1, 14, 1, 1, 5, 1, 23
21, 1, 12, 6, 1, 5, 1, 24
58, 2, 11, 1, 1, 5, 1, 38
53, 1, 11, 1, 1, 5, 1, 44
66, 1, 10, 1, 1, 5, 1, 28
29, 2, 15, 6, 1, 5, 1, 44
41, 1, 11, 1, 1, 5, 1, 35
27, 1, 10, 6, 1, 5, 1, 31
54, 2, 10, 6, 1, 2, 1, 24
53, 1, 10, 1, 1, 5, 1, 35
36, 1, 6, 1, 1, 5, 1, 21
42, 1, 14, 1, 1, 5, 1, 35
41, 1, 12, 4, 1, 5, 1, 0
26, 1, 10, 1, 6, 5, 57, 44
44, 1, 10, 1, 1, 5, 1, 38
48, 1, 10, 1, 1, 5, 1, 45
56, 2, 10, 1, 1, 5, 1, 28
40, 1, 9, 6, 1, 5, 1, 21
42, 1, 14, 1, 1, 2, 1, 1
41, 1, 10, 1, 1, 5, 1, 23
47, 2, 16, 4, 2, 6, 1, 29
50, 2, 11, 4, 1, 2, 1, 21
55, 1, 11, 1, 1, 5, 1, 36
47, 1, 14, 1, 1, 6, 1, 49
34, 1, 10, 1, 7, 5, 3, 21
48, 1, 14, 1, 1, 5, 1, 7
60, 2, 15, 1, 1, 9, 1, 12
45, 1, 11, 1, 2, 5, 1, 14
36, 1, 10, 1, 1, 5, 1, 45
63, 1, 10, 1, 1, 5, 1, 48
52, 1, 11, 4, 1, 5, 1, 7
54, 2, 14, 4, 1, 5, 1, 26
51, 1, 12, 4, 1, 9, 1, 18
36, 2, 15, 1, 1, 9, 1, 10
59, 1, 5, 5, 1, 2, 1, 31
33, 2, 14, 2, 1, 9, 1, 11
45, 1, 14, 1, 1, 5, 1, 0
35, 2, 11, 4, 1, 5, 7, 27
42, 1, 10, 1, 1, 5, 1, 28
47, 2, 12, 3, 2, 5, 1, 10
34, 1, 10, 1, 1, 6, 1, 27
43, 2, 14, 6, 1, 5, 1, 0
59, 2, 12, 4, 2, 5, 1, 24
45, 1, 14, 1, 1, 5, 1, 0
56, 2, 11, 4, 1, 5, 1, 1
39, 1, 10, 1, 1, 5, 1, 45
78, 2, 12, 5, 1, 5, 1, 29
39, 1, 7, 6, 1, 2, 1, 31
27, 1, 14, 1, 1, 5, 1, 0
29, 1, 11, 1, 1, 5, 36, 23
22, 1, 7, 6, 1, 5, 1, 48
57, 2, 15, 4, 1, 5, 1, 28
53, 1, 5, 1, 7, 2, 3, 39
23, 1, 11, 6, 1, 5, 1, 20
49, 1, 11, 1, 1, 5, 1, 24
77, 1, 11, 1, 1, 5, 1, 14
23, 2, 10, 4, 1, 5, 1, 18
41, 1, 14, 1, 1, 5, 1, 0
43, 1, 11, 1, 1, 5, 1, 20
64, 1, 6, 6, 8, 5, 1, 45
61, 2, 5, 6, 1, 8, 1, 11
33, 1, 16, 1, 7, 5, 3, 15
71, 2, 17, 1, 1, 2, 1, 8
40, 2, 11, 1, 7, 5, 7, 3
42, 2, 15, 4, 1, 5, 1, 10
24, 1, 10, 6, 1, 5, 1, 48
60, 1, 15, 1, 1, 5, 1, 3
51, 1, 14, 1, 1, 2, 1, 5
38, 1, 11, 1, 1, 2, 1, 1
50, 1, 11, 5, 1, 5, 1, 21
29, 2, 11, 4, 1, 5, 1, 1
33, 1, 10, 1, 1, 8, 1, 19
68, 2, 10, 5, 1, 5, 1, 23
43, 1, 14, 1, 1, 6, 1, 7
63, 1, 10, 1, 1, 5, 1, 22
26, 1, 14, 6, 1, 5, 26, 4
70, 2, 10, 4, 1, 5, 1, 25
35, 2, 14, 1, 1, 5, 1, 25
28, 2, 10, 6, 2, 5, 1, 21
33, 1, 14, 6, 6, 6, 83, 3
30, 1, 11, 4, 1, 5, 1, 45
41, 2, 10, 4, 1, 5, 1, 18
44, 1, 11, 1, 1, 6, 1, 49
46, 2, 11, 4, 1, 5, 1, 17
52, 2, 15, 4, 2, 8, 1, 11
37, 2, 12, 6, 1, 5, 1, 25
30, 1, 12, 1, 1, 5, 1, 36
38, 1, 9, 1, 7, 5, 3, 31
37, 2, 12, 4, 1, 5, 1, 28
44, 1, 10, 2, 4, 5, 46, 0
34, 1, 14, 1, 1, 5, 1, 7
47, 1, 12, 4, 1, 5, 1, 36
63, 2, 10, 4, 1, 5, 1, 23
35, 1, 17, 6, 1, 5, 7, 11
56, 1, 14, 1, 1, 5, 1, 23
40, 2, 11, 6, 1, 5, 1, 25
78, 2, 11, 5, 1, 6, 1, 26
44, 1, 11, 1, 2, 5, 1, 37
65, 2, 9, 5, 2, 5, 1, 18
38, 2, 11, 1, 8, 5, 6, 18
50, 1, 10, 1, 1, 2, 1, 31
48, 1, 9, 1, 1, 5, 1, 23
19, 2, 6, 6, 2, 5, 1, 18
55, 1, 15, 1, 1, 9, 1, 10
27, 1, 14, 6, 1, 5, 1, 10
48, 1, 14, 1, 1, 9, 1, 35
65, 1, 14, 1, 1, 6, 1, 7
26, 2, 14, 1, 1, 9, 1, 11
67, 2, 11, 5, 1, 5, 1, 28
26, 2, 11, 4, 1, 8, 1, 29
62, 1, 8, 1, 1, 3, 1, 0
43, 2, 11, 4, 1, 5, 1, 10
40, 2, 5, 3, 7, 5, 3, 30
49, 1, 10, 1, 1, 5, 1, 7
33, 1, 9, 6, 7, 5, 3, 38
64, 1, 16, 1, 1, 8, 1, 15
25, 2, 14, 6, 1, 5, 1, 15
36, 1, 11, 1, 1, 5, 1, 23
34, 1, 11, 1, 1, 5, 1, 33
25, 2, 10, 6, 2, 5, 1, 23
43, 1, 14, 1, 1, 5, 1, 24
37, 1, 15, 4, 1, 5, 1, 10
33, 1, 15, 1, 4, 8, 46, 11
32, 2, 10, 4, 7, 5, 1, 18
49, 2, 11, 4, 1, 5, 1, 27
52, 1, 14, 4, 1, 5, 1, 16
66, 1, 10, 1, 1, 9, 1, 19
40, 1, 11, 1, 1, 6, 3, 26
37, 1, 11, 1, 1, 5, 1, 1
70, 1, 11, 1, 1, 2, 1, 1
31, 1, 10, 1, 1, 9, 1, 25
36, 1, 17, 1, 1, 5, 3, 5
56, 1, 16, 1, 1, 9, 1, 10
48, 1, 10, 1, 1, 5, 1, 36
22, 1, 11, 1, 1, 5, 1, 30
23, 1, 10, 1, 2, 5, 1, 32
55, 1, 5, 1, 7, 2, 3, 35
45, 2, 14, 4, 1, 9, 1, 10
60, 1, 14, 4, 1, 5, 1, 36
55, 1, 5, 1, 1, 5, 1, 48
20, 2, 11, 6, 1, 9, 1, 19
65, 1, 7, 1, 1, 5, 1, 21
71, 1, 6, 1, 1, 5, 1, 21
39, 1, 14, 1, 1, 8, 1, 11
55, 1, 12, 1, 1, 5, 1, 2
36, 1, 7, 1, 1, 5, 1, 45
64, 1, 10, 1, 1, 5, 1, 45
21, 1, 8, 6, 2, 5, 6, 36
37, 2, 14, 4, 6, 3, 54, 15
60, 1, 5, 3, 1, 5, 1, 45
64, 1, 14, 1, 1, 2, 1, 23
29, 2, 10, 6, 1, 5, 1, 25
26, 1, 9, 1, 7, 5, 3, 48
32, 2, 11, 4, 1, 5, 1, 26
58, 1, 10, 1, 1, 6, 1, 36
50, 1, 11, 4, 1, 5, 1, 36
65, 1, 15, 1, 1, 5, 1, 11
22, 2, 11, 6, 1, 5, 1, 23
38, 1, 14, 1, 1, 5, 1, 0
63, 1, 14, 1, 1, 6, 1, 19
41, 2, 11, 4, 1, 5, 1, 25
31, 1, 11, 1, 1, 5, 1, 36
40, 1, 10, 1, 1, 9, 1, 19
73, 1, 7, 1, 1, 5, 1, 40
32, 1, 5, 1, 8, 10, 3, 41
31, 1, 14, 1, 1, 5, 1, 5
44, 2, 10, 4, 1, 5, 1, 4
37, 1, 15, 1, 6, 5, 81, 2
47, 1, 16, 1, 1, 3, 1, 15
49, 2, 11, 1, 1, 9, 1, 26
34, 1, 10, 1, 2, 2, 1, 27
38, 1, 10, 4, 1, 6, 1, 27
27, 2, 10, 6, 1, 5, 3, 20
40, 2, 15, 4, 1, 5, 1, 17
54, 2, 10, 4, 1, 5, 1, 25
26, 1, 12, 1, 1, 5, 1, 10
36, 2, 11, 4, 1, 5, 1, 25
47, 1, 14, 1, 1, 3, 1, 1
62, 1, 10, 1, 1, 5, 1, 40
55, 1, 10, 1, 1, 5, 1, 31
29, 1, 12, 6, 1, 5, 1, 5
53, 1, 10, 1, 1, 2, 1, 1
34, 1, 11, 1, 1, 5, 1, 43
69, 2, 5, 5, 1, 5, 3, 41
18, 1, 10, 1, 7, 5, 3, 20
32, 2, 11, 4, 1, 5, 35, 1
40, 1, 10, 6, 1, 5, 1, 0
42, 1, 11, 4, 1, 5, 1, 23
70, 1, 10, 1, 1, 2, 1, 36
22, 1, 5, 6, 1, 5, 3, 20
40, 2, 10, 5, 1, 5, 1, 21
67, 1, 12, 1, 1, 5, 1, 10
49, 1, 10, 1, 1, 5, 1, 3
45, 1, 10, 1, 1, 5, 1, 34
46, 1, 10, 1, 1, 5, 1, 23
56, 2, 14, 5, 1, 8, 1, 4
45, 1, 15, 6, 8, 5, 1, 0
44, 2, 12, 3, 8, 5, 1, 26
41, 2, 14, 4, 1, 9, 1, 4
59, 2, 14, 4, 1, 5, 1, 11
68, 2, 5, 3, 7, 5, 1, 44
44, 2, 15, 6, 1, 2, 1, 6
60, 2, 7, 3, 2, 5, 1, 45
81, 1, 11, 5, 1, 2, 1, 13
59, 1, 10, 1, 1, 5, 1, 45
63, 1, 14, 1, 6, 2, 48, 38
40, 2, 12, 4, 1, 6, 1, 5
56, 2, 14, 4, 1, 5, 1, 0
23, 1, 10, 6, 1, 5, 1, 9
57, 1, 10, 1, 1, 9, 1, 2
27, 2, 11, 6, 2, 5, 1, 36
37, 1, 9, 1, 1, 5, 1, 31
62, 2, 10, 3, 1, 5, 1, 23
47, 1, 14, 1, 1, 5, 1, 19
55, 1, 11, 1, 1, 5, 1, 41
49, 1, 15, 6, 1, 5, 1, 1
25, 1, 10, 1, 1, 5, 1, 41
36, 1, 10, 1, 2, 6, 1, 49
44, 1, 10, 6, 1, 5, 3, 2
25, 2, 11, 1, 7, 9, 1, 29
50, 1, 10, 1, 1, 5, 1, 26
30, 2, 11, 3, 1, 5, 1, 18
44, 2, 14, 1, 1, 5, 1, 13
85, 1, 15, 1, 1, 6, 1, 29
29, 1, 14, 6, 2, 5, 1, 14
55, 1, 11, 1, 1, 5, 1, 0
48, 2, 14, 6, 2, 8, 1, 11
38, 1, 10, 4, 1, 5, 1, 42
48, 1, 10, 1, 1, 2, 1, 1
25, 1, 9, 6, 1, 5, 1, 31
45, 1, 16, 6, 7, 5, 1, 0
52, 2, 14, 5, 1, 5, 1, 11
34, 1, 10, 1, 1, 5, 3, 32
35, 2, 10, 1, 2, 9, 6, 18
52, 1, 14, 1, 1, 5, 1, 24
40, 1, 12, 6, 1, 9, 1, 35
61, 2, 9, 5, 1, 5, 1, 41
31, 1, 11, 1, 2, 9, 1, 19
48, 1, 11, 1, 1, 9, 1, 19
62, 1, 15, 1, 1, 5, 1, 2
55, 1, 7, 1, 7, 5, 1, 48
59, 2, 10, 4, 1, 9, 1, 27
40, 1, 10, 1, 1, 5, 1, 37
32, 1, 1, 1, 7, 5, 3, 21
41, 1, 14, 1, 1, 5, 1, 0
33, 2, 14, 1, 1, 9, 1, 11
44, 2, 11, 4, 1, 5, 1, 4
51, 2, 11, 4, 1, 5, 1, 23
49, 1, 15, 1, 1, 5, 1, 6
83, 1, 15, 1, 1, 5, 1, 0
23, 1, 11, 6, 1, 5, 1, 24
49, 1, 11, 1, 2, 6, 1, 28
28, 1, 11, 1, 1, 5, 1, 23
40, 1, 10, 1, 1, 5, 1, 0
53, 1, 14, 1, 1, 5, 1, 2
72, 2, 7, 5, 1, 5, 1, 20
45, 1, 10, 1, 1, 5, 1, 31
48, 2, 10, 4, 1, 5, 1, 29
51, 1, 11, 1, 6, 8, 1, 2
53, 1, 14, 6, 1, 5, 1, 41
48, 1, 15, 1, 1, 8, 1, 8
24, 1, 5, 1, 1, 2, 1, 31
37, 1, 16, 4, 1, 5, 1, 10
54, 2, 6, 5, 1, 2, 1, 23
43, 1, 14, 1, 1, 5, 1, 0
35, 1, 12, 6, 2, 5, 1, 38
47, 1, 7, 1, 1, 2, 1, 21
41, 2, 11, 4, 1, 5, 1, 45
73, 1, 15, 1, 1, 5, 1, 38
23, 1, 10, 1, 1, 5, 1, 45
45, 1, 16, 6, 1, 9, 1, 11
53, 1, 14, 1, 1, 8, 1, 6
28, 2, 14, 6, 1, 9, 1, 2
46, 2, 10, 4, 1, 5, 1, 0
31, 1, 10, 1, 1, 5, 1, 45
53, 1, 14, 1, 1, 5, 1, 4
48, 1, 11, 1, 1, 5, 1, 45
50, 1, 11, 1, 1, 3, 1, 2
41, 1, 10, 1, 1, 5, 1, 38
39, 1, 14, 6, 1, 5, 1, 13
17, 2, 8, 6, 1, 5, 1, 20
39, 2, 11, 6, 1, 5, 1, 27
56, 1, 11, 4, 2, 5, 6, 21
55, 1, 10, 1, 1, 5, 1, 41
45, 1, 12, 1, 2, 9, 1, 21
51, 2, 1, 4, 8, 5, 1, 48
57, 1, 10, 5, 1, 5, 1, 25
63, 2, 10, 5, 1, 5, 1, 24
41, 2, 10, 3, 1, 9, 7, 15
30, 2, 6, 4, 1, 5, 1, 41
50, 1, 6, 1, 6, 5, 48, 20
42, 2, 10, 4, 2, 5, 1, 21
53, 1, 10, 4, 1, 5, 1, 3
75, 1, 8, 1, 1, 2, 1, 45
56, 1, 15, 1, 1, 9, 1, 11
36, 1, 7, 1, 1, 5, 1, 38
26, 1, 11, 6, 1, 5, 1, 20
38, 1, 6, 4, 8, 5, 6, 44
49, 1, 11, 1, 1, 9, 1, 7
35, 1, 14, 1, 7, 8, 1, 11
58, 1, 17, 1, 4, 5, 46, 11
52, 1, 10, 1, 1, 5, 1, 48
40, 1, 14, 4, 1, 5, 1, 7
32, 2, 14, 4, 1, 5, 1, 0
22, 2, 11, 6, 1, 5, 1, 23
54, 1, 11, 1, 1, 2, 1, 1
29, 2, 12, 6, 1, 5, 1, 1
50, 1, 10, 1, 1, 2, 1, 23
68, 2, 11, 4, 2, 5, 1, 23
44, 1, 10, 1, 1, 2, 1, 1
54, 1, 17, 1, 1, 8, 1, 11
37, 2, 14, 6, 1, 5, 1, 0
75, 1, 11, 1, 1, 5, 1, 10
41, 2, 11, 4, 2, 5, 6, 18
36, 2, 12, 4, 1, 5, 1, 26
59, 1, 17, 4, 1, 5, 1, 4
56, 2, 10, 4, 1, 5, 1, 23
49, 1, 14, 1, 1, 5, 1, 11
37, 1, 15, 1, 1, 5, 60, 0
69, 1, 11, 1, 1, 10, 1, 19
43, 2, 10, 1, 2, 5, 1, 11
56, 1, 10, 1, 1, 5, 1, 24
32, 1, 15, 6, 6, 5, 2, 4
41, 1, 14, 1, 1, 6, 3, 4
66, 2, 11, 5, 1, 5, 1, 28
30, 1, 5, 1, 7, 5, 3, 41
66, 1, 10, 1, 1, 5, 1, 44
34, 1, 11, 1, 1, 5, 1, 4
35, 2, 11, 4, 1, 5, 1, 27
26, 2, 10, 6, 1, 5, 1, 42
53, 1, 16, 1, 1, 3, 1, 10
26, 2, 11, 3, 7, 5, 4, 18
72, 1, 10, 1, 1, 5, 1, 28
37, 2, 10, 4, 2, 5, 1, 19
41, 1, 11, 1, 1, 5, 1, 36
40, 1, 10, 4, 1, 5, 1, 48
42, 1, 14, 6, 1, 6, 1, 8
65, 1, 11, 1, 1, 5, 1, 45
68, 1, 14, 4, 1, 3, 4, 31
39, 1, 10, 1, 2, 5, 6, 36
58, 2, 10, 5, 1, 5, 1, 27
44, 1, 11, 1, 1, 5, 1, 44
61, 1, 14, 1, 1, 3, 1, 6
64, 1, 15, 1, 1, 3, 1, 2
28, 2, 11, 4, 8, 5, 1, 17
38, 2, 11, 6, 2, 8, 1, 26
35, 1, 10, 1, 2, 5, 1, 2
33, 1, 14, 1, 5, 5, 47, 0
45, 1, 14, 1, 1, 5, 1, 6
53, 1, 14, 1, 1, 8, 1, 4
43, 2, 14, 5, 1, 5, 1, 1
55, 1, 12, 1, 1, 5, 1, 46
23, 2, 10, 6, 2, 6, 1, 21
71, 1, 11, 4, 1, 5, 1, 0
32, 2, 11, 1, 2, 5, 1, 1
34, 1, 10, 6, 1, 8, 1, 21
26, 1, 14, 1, 1, 5, 1, 9
93, 1, 5, 1, 1, 9, 3, 48
35, 1, 15, 1, 6, 2, 59, 1
35, 1, 14, 1, 1, 5, 1, 4
26, 1, 11, 1, 1, 5, 1, 0
63, 1, 10, 1, 1, 5, 1, 0
57, 1, 10, 1, 1, 5, 1, 40
27, 2, 7, 6, 2, 9, 1, 44
22, 2, 14, 6, 1, 5, 1, 25
26, 1, 12, 1, 1, 5, 1, 31
24, 1, 14, 1, 1, 8, 1, 6
39, 1, 10, 1, 1, 2, 1, 38
64, 2, 11, 5, 1, 5, 1, 18
48, 1, 14, 1, 1, 5, 1, 3
27, 1, 10, 6, 1, 5, 1, 3
50, 2, 10, 4, 1, 5, 1, 29
34, 2, 10, 3, 1, 5, 1, 17
59, 2, 10, 5, 1, 5, 1, 20
63, 2, 11, 5, 1, 5, 1, 2
42, 1, 11, 1, 1, 5, 1, 45
41, 1, 10, 4, 1, 2, 1, 45
29, 2, 11, 3, 2, 5, 1, 20
37, 1, 15, 1, 1, 2, 1, 21
27, 2, 14, 6, 1, 5, 1, 3
55, 2, 12, 1, 8, 5, 1, 15
58, 1, 6, 4, 1, 5, 1, 27
55, 1, 10, 1, 1, 5, 1, 1
46, 1, 11, 2, 1, 5, 1, 40
29, 1, 11, 6, 1, 5, 1, 28
19, 1, 10, 6, 2, 5, 1, 21
47, 1, 10, 6, 1, 5, 1, 48
52, 1, 11, 1, 1, 5, 1, 41
47, 1, 15, 1, 1, 2, 7, 45
41, 2, 11, 1, 1, 2, 1, 23
34, 1, 11, 1, 1, 5, 14, 23
58, 2, 8, 4, 1, 5, 1, 23
30, 1, 10, 6, 2, 5, 1, 48
31, 2, 14, 6, 1, 5, 1, 2
39, 1, 10, 1, 8, 5, 1, 23
58, 2, 7, 1, 1, 5, 1, 48
27, 1, 10, 6, 2, 5, 1, 13
52, 1, 8, 1, 1, 10, 1, 42
48, 1, 11, 1, 1, 5, 1, 43
50, 1, 14, 1, 6, 5, 54, 21
46, 2, 15, 4, 1, 5, 1, 11
47, 1, 5, 1, 1, 5, 25, 32
31, 2, 10, 6, 1, 5, 1, 44
59, 2, 16, 5, 1, 5, 1, 18
31, 2, 14, 2, 4, 8, 46, 12
54, 2, 12, 5, 1, 5, 1, 22
35, 1, 10, 1, 1, 5, 1, 30
67, 2, 10, 5, 1, 5, 1, 0
63, 1, 11, 1, 1, 5, 1, 24
53, 1, 14, 1, 1, 5, 1, 0
25, 1, 11, 6, 1, 9, 1, 20
46, 2, 8, 4, 2, 5, 1, 23
40, 1, 11, 1, 7, 5, 1, 35
45, 1, 14, 6, 1, 8, 1, 7
44, 1, 10, 1, 1, 5, 1, 45
26, 1, 14, 1, 1, 8, 1, 11
51, 1, 14, 4, 1, 9, 1, 19
35, 1, 1, 1, 1, 5, 3, 30
41, 2, 10, 4, 1, 5, 1, 38
61, 2, 12, 5, 1, 5, 2, 26
45, 1, 6, 1, 2, 5, 5, 48
48, 1, 14, 1, 1, 3, 1, 36
42, 1, 11, 1, 1, 5, 1, 7
49, 2, 10, 4, 1, 8, 1, 29
68, 1, 14, 1, 1, 5, 1, 7
45, 1, 11, 4, 1, 5, 1, 25
38, 2, 10, 3, 1, 5, 1, 23
41, 2, 11, 6, 1, 5, 1, 26
56, 1, 14, 1, 1, 9, 1, 10
61, 1, 10, 5, 1, 5, 1, 43
32, 1, 12, 1, 1, 5, 1, 15
67, 1, 9, 1, 1, 5, 1, 21
44, 1, 7, 1, 1, 2, 1, 23
75, 1, 15, 1, 1, 9, 1, 11
48, 2, 11, 6, 1, 9, 1, 15
23, 2, 10, 2, 1, 5, 1, 23
62, 1, 15, 1, 1, 5, 1, 6
34, 1, 10, 6, 1, 3, 2, 0
20, 1, 11, 6, 1, 5, 1, 48
44, 2, 14, 6, 1, 5, 1, 0
50, 1, 10, 1, 1, 5, 1, 31
64, 2, 11, 5, 1, 5, 1, 23
39, 1, 12, 4, 1, 5, 1, 7
57, 2, 14, 1, 1, 6, 1, 26
27, 1, 14, 1, 1, 9, 1, 18
34, 2, 11, 4, 2, 5, 1, 29
68, 1, 10, 5, 1, 8, 1, 21
23, 2, 10, 6, 2, 5, 1, 29
45, 1, 10, 6, 1, 5, 1, 35
43, 1, 10, 4, 1, 5, 1, 48
69, 1, 10, 1, 1, 5, 1, 0
28, 1, 11, 6, 1, 5, 1, 35
67, 1, 11, 1, 1, 3, 1, 13
62, 2, 6, 5, 1, 5, 1, 21
56, 1, 11, 4, 1, 5, 1, 46
44, 1, 10, 1, 1, 9, 1, 27
37, 1, 14, 1, 2, 3, 1, 1
34, 2, 10, 6, 1, 5, 1, 20
27, 1, 14, 2, 1, 2, 45, 4
40, 1, 9, 1, 1, 2, 5, 23
49, 1, 10, 1, 1, 2, 1, 31
44, 2, 10, 4, 2, 2, 1, 23
51, 1, 14, 1, 1, 6, 1, 27
55, 1, 8, 1, 1, 2, 1, 31
33, 1, 11, 1, 1, 5, 1, 23
63, 1, 11, 1, 1, 2, 1, 2
57, 1, 9, 1, 1, 5, 1, 43
25, 2, 11, 6, 2, 5, 1, 28
53, 2, 11, 6, 1, 5, 1, 24
33, 1, 10, 6, 7, 5, 1, 21
57, 1, 10, 1, 1, 5, 1, 0
44, 1, 14, 1, 1, 5, 1, 0
35, 1, 11, 1, 1, 5, 1, 2
64, 2, 10, 5, 1, 5, 1, 23
20, 2, 11, 6, 2, 5, 1, 22
49, 1, 11, 3, 1, 5, 1, 21
54, 1, 8, 1, 1, 5, 1, 28
59, 1, 12, 1, 1, 5, 1, 6
24, 2, 11, 1, 1, 5, 1, 1
65, 1, 11, 1, 1, 5, 1, 45
37, 2, 11, 6, 1, 5, 1, 20
50, 1, 10, 4, 1, 5, 1, 4
61, 1, 14, 1, 1, 5, 1, 45
62, 1, 14, 1, 1, 5, 1, 2
36, 1, 14, 6, 1, 5, 1, 5
24, 1, 14, 6, 1, 9, 1, 11
26, 2, 10, 4, 1, 5, 1, 18
50, 1, 14, 1, 1, 5, 1, 10
42, 1, 11, 4, 1, 5, 1, 25
30, 1, 14, 1, 1, 5, 1, 6
46, 1, 16, 1, 1, 2, 1, 15
29, 2, 10, 6, 1, 5, 1, 48
63, 2, 10, 5, 1, 9, 1, 12
32, 1, 14, 1, 6, 6, 59, 6
45, 1, 12, 1, 1, 5, 14, 5
36, 1, 14, 1, 1, 2, 1, 1
39, 2, 14, 4, 1, 9, 1, 11
52, 2, 11, 6, 7, 9, 1, 15
44, 1, 9, 1, 1, 5, 3, 21
74, 2, 10, 4, 1, 5, 1, 20
42, 1, 14, 6, 1, 9, 1, 11
25, 2, 9, 3, 7, 5, 1, 26
41, 1, 14, 1, 1, 5, 1, 2
72, 1, 10, 1, 1, 2, 1, 1
66, 1, 12, 1, 1, 5, 1, 1
51, 1, 15, 1, 1, 5, 1, 24
48, 2, 11, 4, 1, 5, 1, 26
29, 2, 11, 6, 2, 9, 1, 12
57, 1, 11, 1, 1, 5, 1, 43
41, 1, 15, 1, 1, 5, 1, 0
43, 2, 10, 1, 1, 5, 1, 18
42, 1, 11, 3, 8, 5, 6, 35
42, 1, 11, 1, 2, 6, 1, 36
35, 1, 10, 3, 1, 2, 1, 44
33, 2, 10, 1, 3, 5, 1, 25
29, 2, 7, 4, 1, 5, 1, 29
37, 1, 8, 1, 7, 5, 1, 45
68, 2, 10, 5, 1, 5, 1, 2
40, 2, 11, 1, 1, 2, 1, 23
45, 1, 14, 6, 5, 5, 1, 23
30, 1, 11, 1, 1, 5, 1, 0
23, 1, 11, 6, 7, 5, 3, 23
55, 1, 10, 2, 1, 5, 1, 24
55, 1, 14, 1, 1, 2, 1, 6
79, 1, 17, 5, 3, 5, 1, 19
65, 1, 11, 1, 1, 5, 2, 24
60, 2, 15, 5, 1, 8, 1, 11
49, 1, 14, 1, 1, 3, 1, 4
37, 1, 10, 1, 7, 5, 6, 21
57, 2, 10, 5, 1, 5, 1, 25
35, 2, 12, 3, 1, 5, 3, 20
37, 1, 10, 4, 1, 5, 1, 28
28, 1, 5, 1, 7, 5, 3, 31
59, 1, 10, 1, 1, 5, 1, 38
27, 1, 12, 6, 1, 5, 1, 24
70, 2, 10, 5, 1, 5, 1, 27
38, 1, 11, 1, 1, 2, 1, 31
52, 2, 11, 5, 2, 5, 1, 25
37, 2, 11, 4, 2, 5, 1, 23
40, 1, 14, 4, 1, 2, 1, 34
39, 1, 12, 5, 1, 5, 1, 24
50, 2, 11, 3, 2, 5, 1, 17
28, 1, 14, 6, 1, 5, 1, 31
55, 1, 8, 1, 2, 5, 1, 42
42, 1, 10, 4, 1, 3, 1, 23
34, 1, 14, 1, 1, 5, 1, 0
25, 2, 11, 6, 2, 9, 1, 27
29, 1, 11, 3, 1, 2, 1, 41
58, 1, 12, 1, 6, 6, 59, 26
56, 2, 5, 5, 1, 5, 1, 21
22, 2, 14, 6, 4, 8, 46, 8
75, 1, 10, 2, 1, 9, 1, 29
51, 1, 11, 1, 1, 5, 1, 42
31, 2, 10, 4, 1, 5, 1, 25
26, 2, 11, 6, 2, 5, 1, 18
37, 1, 10, 1, 1, 5, 1, 32
52, 2, 10, 4, 1, 5, 1, 20
66, 2, 6, 4, 1, 5, 1, 21
53, 1, 6, 1, 1, 2, 1, 2
46, 2, 7, 1, 2, 5, 1, 18
65, 2, 11, 5, 1, 9, 1, 26
62, 1, 10, 1, 1, 5, 1, 0
69, 2, 11, 5, 1, 5, 1, 23
36, 1, 14, 1, 1, 6, 1, 5
37, 2, 12, 4, 1, 5, 1, 29
40, 2, 14, 4, 1, 8, 1, 3
53, 1, 10, 1, 1, 6, 1, 40
50, 1, 10, 4, 1, 2, 1, 48
48, 2, 11, 4, 1, 5, 1, 23
60, 1, 10, 1, 1, 2, 1, 2
49, 2, 11, 4, 1, 5, 1, 7
24, 2, 15, 6, 1, 3, 1, 13
40, 2, 10, 3, 1, 2, 1, 23
59, 1, 14, 1, 1, 5, 1, 0
26, 1, 6, 6, 1, 5, 1, 31
53, 1, 14, 6, 1, 5, 1, 4
27, 1, 9, 1, 1, 5, 1, 23
28, 1, 17, 6, 1, 5, 22, 20
74, 2, 9, 5, 1, 5, 45, 18
43, 1, 15, 1, 1, 5, 1, 7
60, 1, 10, 1, 1, 5, 1, 45
40, 2, 10, 4, 1, 5, 1, 20
44, 1, 11, 1, 1, 2, 1, 45
55, 2, 11, 5, 1, 9, 13, 29
74, 1, 10, 1, 1, 5, 1, 41
34, 1, 10, 1, 1, 5, 1, 37
30, 1, 11, 1, 1, 5, 1, 38
41, 1, 15, 1, 1, 5, 1, 0
43, 2, 15, 4, 1, 5, 1, 2
42, 1, 11, 3, 2, 5, 1, 24
79, 1, 16, 1, 1, 2, 1, 15
53, 1, 12, 1, 1, 6, 1, 23
30, 1, 12, 6, 1, 5, 1, 30
42, 2, 14, 1, 1, 5, 1, 24
28, 1, 10, 6, 2, 5, 1, 48
43, 1, 4, 1, 7, 2, 3, 35
40, 1, 10, 6, 1, 5, 1, 21
33, 2, 14, 6, 1, 5, 1, 26
40, 2, 10, 4, 7, 5, 1, 39
73, 1, 10, 1, 1, 5, 1, 30
37, 1, 14, 1, 2, 6, 1, 27
32, 1, 14, 1, 2, 5, 1, 33
24, 2, 12, 6, 6, 5, 6, 28
30, 1, 12, 6, 1, 9, 1, 2
55, 2, 15, 4, 2, 8, 1, 43
30, 2, 12, 6, 1, 5, 1, 28
41, 1, 8, 1, 1, 5, 1, 36
54, 2, 14, 4, 1, 2, 1, 5
47, 1, 11, 1, 1, 5, 1, 38
62, 1, 8, 1, 1, 5, 1, 44
40, 1, 11, 1, 1, 5, 1, 23
35, 1, 16, 1, 1, 3, 1, 10
30, 1, 16, 1, 1, 5, 1, 10
51, 2, 8, 3, 8, 9, 6, 18
48, 1, 11, 1, 1, 5, 1, 19
53, 1, 12, 1, 1, 5, 1, 24
41, 2, 6, 6, 2, 9, 1, 19
42, 1, 10, 1, 1, 5, 1, 32
45, 1, 11, 1, 1, 5, 1, 23
26, 1, 15, 6, 1, 5, 1, 5
57, 1, 17, 1, 1, 3, 1, 9
52, 1, 14, 1, 1, 5, 26, 0
51, 1, 12, 1, 1, 5, 1, 45
32, 1, 14, 6, 1, 5, 1, 5
63, 1, 9, 1, 1, 5, 26, 41
66, 1, 5, 1, 1, 5, 7, 21
67, 1, 10, 1, 1, 2, 1, 6
60, 2, 11, 5, 1, 9, 1, 28
39, 1, 10, 4, 1, 5, 1, 45
47, 1, 11, 4, 1, 3, 1, 24
59, 1, 17, 1, 1, 6, 1, 15
38, 1, 14, 1, 2, 8, 1, 14
42, 1, 11, 3, 1, 5, 1, 41
62, 1, 5, 1, 1, 5, 1, 38
77, 1, 11, 1, 1, 5, 1, 46
31, 1, 12, 1, 1, 5, 1, 13
36, 1, 14, 6, 1, 5, 1, 29
32, 1, 10, 1, 7, 5, 6, 37
40, 2, 11, 6, 2, 5, 1, 18
20, 2, 1, 6, 7, 5, 3, 22
37, 1, 10, 6, 1, 2, 1, 31
36, 1, 10, 1, 2, 5, 1, 23
41, 1, 11, 4, 1, 5, 1, 23
45, 1, 10, 1, 1, 5, 1, 40
28, 1, 10, 1, 1, 5, 1, 18
37, 1, 10, 1, 1, 5, 1, 21
36, 2, 10, 3, 1, 5, 1, 20
38, 1, 10, 1, 1, 5, 1, 31
49, 1, 11, 1, 1, 6, 1, 31
58, 1, 17, 1, 1, 2, 1, 3
48, 1, 14, 1, 1, 5, 1, 7
42, 1, 10, 1, 1, 5, 1, 45
46, 2, 10, 5, 1, 5, 1, 23
25, 2, 11, 6, 2, 5, 1, 28
51, 1, 14, 1, 1, 5, 1, 38
49, 2, 10, 4, 2, 5, 1, 18
53, 1, 1, 1, 2, 5, 6, 21
21, 2, 11, 6, 1, 5, 1, 24
53, 2, 17, 1, 1, 8, 1, 26
32, 1, 11, 1, 3, 5, 1, 33
52, 1, 10, 1, 1, 5, 1, 48
26, 1, 11, 3, 2, 5, 6, 25
33, 2, 14, 1, 1, 5, 1, 28
34, 1, 14, 1, 1, 5, 1, 24
65, 1, 12, 1, 1, 5, 1, 36
47, 1, 5, 1, 8, 5, 25, 23
22, 2, 11, 6, 2, 5, 1, 23
55, 2, 9, 5, 1, 5, 1, 29
55, 1, 11, 1, 1, 5, 1, 2
68, 2, 15, 6, 1, 8, 1, 11
32, 1, 11, 1, 1, 5, 1, 31
56, 1, 1, 1, 7, 5, 3, 41
40, 1, 10, 1, 1, 5, 1, 36
53, 1, 11, 1, 1, 5, 1, 24
43, 1, 12, 1, 1, 5, 1, 36
51, 1, 10, 1, 1, 2, 1, 1
72, 1, 11, 1, 1, 5, 1, 29
72, 1, 14, 1, 1, 2, 1, 24
51, 2, 10, 1, 1, 5, 1, 25
36, 1, 12, 1, 1, 5, 1, 24
45, 2, 11, 4, 1, 5, 1, 18
81, 2, 16, 5, 1, 5, 1, 24
43, 1, 11, 1, 1, 5, 1, 0
35, 1, 15, 1, 1, 5, 1, 26
37, 1, 10, 4, 2, 5, 1, 48
64, 1, 10, 1, 1, 5, 1, 45
29, 2, 16, 6, 1, 5, 1, 0
62, 2, 7, 1, 1, 9, 1, 21
62, 1, 5, 1, 1, 5, 1, 45
57, 1, 11, 1, 1, 5, 1, 31
21, 1, 10, 6, 2, 5, 1, 3
46, 1, 11, 1, 6, 5, 59, 1
31, 1, 14, 6, 1, 8, 1, 10
34, 1, 14, 1, 1, 5, 1, 0
39, 1, 11, 1, 1, 5, 1, 0
71, 1, 9, 1, 8, 9, 1, 21
35, 2, 5, 1, 1, 5, 3, 23
39, 2, 9, 6, 2, 5, 6, 23
24, 1, 11, 6, 1, 5, 1, 48
37, 1, 10, 1, 1, 5, 39, 45
43, 1, 10, 1, 1, 5, 1, 32
45, 1, 10, 1, 1, 5, 1, 45
38, 1, 11, 4, 1, 5, 1, 36
53, 1, 10, 1, 2, 5, 1, 44
48, 1, 14, 1, 1, 5, 1, 4
38, 1, 11, 4, 1, 2, 1, 21
67, 1, 5, 1, 1, 5, 1, 45
49, 1, 11, 1, 1, 5, 1, 22
27, 1, 14, 6, 1, 2, 1, 5
64, 2, 10, 4, 1, 2, 1, 23
62, 1, 9, 1, 1, 5, 1, 3
38, 1, 10, 1, 1, 5, 1, 36
36, 1, 14, 1, 1, 5, 1, 0
42, 2, 15, 4, 1, 5, 1, 21
20, 2, 7, 6, 2, 5, 1, 23
44, 2, 10, 5, 1, 5, 1, 28
60, 1, 11, 6, 1, 5, 1, 26
31, 2, 14, 4, 1, 8, 1, 11
40, 1, 14, 1, 1, 5, 1, 0
31, 2, 12, 4, 1, 5, 1, 18
45, 1, 17, 1, 1, 3, 1, 1
32, 1, 14, 1, 1, 3, 1, 18
44, 1, 9, 1, 1, 5, 1, 32
64, 1, 10, 1, 1, 5, 1, 36
54, 1, 10, 1, 1, 5, 1, 47
53, 1, 15, 1, 1, 5, 45, 23
29, 1, 15, 1, 1, 5, 1, 16
28, 2, 14, 6, 1, 8, 1, 11
69, 1, 11, 1, 1, 3, 1, 23
32, 1, 14, 1, 1, 5, 1, 23
47, 1, 15, 6, 1, 6, 1, 45
31, 2, 14, 6, 1, 5, 1, 0
29, 2, 14, 6, 1, 5, 1, 14
30, 1, 15, 3, 1, 9, 1, 11
22, 2, 11, 6, 1, 9, 1, 23
54, 1, 11, 4, 1, 5, 1, 48
22, 1, 11, 6, 2, 5, 1, 20
35, 1, 12, 4, 1, 5, 1, 44
62, 2, 14, 4, 1, 8, 1, 11
57, 1, 10, 1, 1, 5, 3, 26
65, 1, 7, 1, 1, 3, 1, 31
47, 2, 12, 6, 1, 8, 1, 43
49, 1, 10, 1, 1, 5, 1, 31
34, 1, 10, 1, 1, 3, 1, 0
30, 1, 9, 1, 1, 5, 1, 48
31, 2, 16, 1, 1, 5, 1, 10
36, 1, 11, 3, 8, 6, 1, 7
55, 2, 11, 1, 3, 6, 1, 5
32, 2, 11, 1, 1, 5, 1, 28
46, 1, 14, 1, 1, 5, 1, 4
25, 1, 11, 1, 1, 5, 1, 20
57, 1, 11, 1, 1, 5, 1, 23
41, 1, 10, 1, 1, 5, 1, 31
37, 1, 10, 6, 1, 5, 1, 24
38, 1, 14, 1, 1, 5, 1, 24
42, 1, 10, 1, 1, 3, 1, 21
41, 2, 11, 3, 1, 6, 1, 27
36, 1, 6, 1, 1, 2, 1, 1
39, 1, 14, 1, 1, 8, 1, 10
42, 1, 15, 1, 1, 5, 15, 8
39, 1, 14, 6, 1, 5, 1, 24
83, 1, 8, 2, 1, 2, 1, 1
40, 2, 10, 4, 1, 5, 1, 14
48, 1, 15, 4, 1, 9, 1, 11
32, 2, 11, 6, 2, 5, 1, 29
58, 2, 10, 3, 2, 5, 1, 18
45, 1, 14, 1, 1, 9, 1, 11
34, 2, 10, 2, 4, 5, 46, 20
45, 1, 14, 1, 2, 9, 1, 18
60, 1, 7, 1, 1, 8, 1, 43
45, 1, 11, 1, 1, 5, 1, 31
61, 1, 14, 4, 1, 5, 1, 7
36, 1, 12, 6, 2, 5, 1, 15
57, 2, 14, 5, 1, 2, 1, 11
29, 1, 11, 1, 1, 5, 1, 40
40, 1, 12, 4, 1, 5, 1, 1
40, 2, 9, 4, 1, 2, 1, 23
33, 1, 9, 2, 7, 5, 3, 45
57, 1, 9, 1, 1, 5, 1, 40
45, 1, 10, 4, 1, 3, 16, 0
28, 1, 10, 1, 1, 8, 1, 12
43, 1, 15, 1, 1, 3, 1, 11
67, 1, 7, 1, 2, 5, 1, 23
29, 1, 8, 1, 7, 5, 1, 44
46, 2, 14, 6, 1, 2, 1, 13
42, 1, 14, 1, 1, 3, 1, 4
45, 1, 10, 1, 1, 5, 1, 40
28, 2, 11, 4, 1, 5, 1, 10
39, 1, 14, 1, 1, 5, 1, 0
46, 1, 14, 4, 1, 6, 30, 7
40, 1, 15, 1, 1, 5, 1, 9
60, 2, 1, 5, 2, 9, 1, 18
33, 1, 12, 1, 1, 3, 1, 1
63, 1, 11, 5, 1, 5, 1, 31
52, 1, 14, 2, 6, 5, 59, 23
36, 2, 14, 6, 1, 5, 1, 29
39, 1, 10, 1, 1, 5, 1, 42
61, 1, 15, 1, 6, 9, 59, 14
52, 1, 15, 1, 1, 9, 1, 11
35, 1, 9, 6, 1, 5, 1, 36
46, 2, 11, 1, 1, 5, 1, 21
40, 1, 11, 1, 1, 5, 1, 40
57, 1, 12, 4, 1, 8, 1, 17
34, 1, 10, 1, 1, 2, 1, 31
61, 2, 14, 1, 1, 5, 1, 21
50, 1, 14, 1, 1, 5, 1, 2
45, 2, 15, 6, 1, 5, 1, 2
24, 2, 14, 6, 6, 9, 51, 16
50, 2, 6, 4, 7, 5, 3, 20
64, 1, 15, 1, 1, 5, 4, 13
45, 1, 10, 1, 1, 5, 1, 36
37, 1, 11, 1, 3, 5, 1, 32
28, 1, 14, 1, 1, 5, 3, 29
55, 1, 15, 1, 1, 8, 1, 11
40, 1, 11, 1, 1, 2, 1, 22
60, 1, 11, 1, 1, 9, 1, 2
66, 1, 6, 1, 1, 5, 1, 45
29, 1, 10, 6, 2, 5, 1, 18
75, 1, 12, 1, 1, 5, 1, 45
75, 1, 11, 5, 1, 5, 1, 24
52, 1, 17, 1, 1, 5, 1, 8
47, 1, 14, 1, 1, 6, 1, 25
46, 1, 10, 4, 1, 8, 1, 10
56, 2, 14, 4, 1, 3, 1, 1
29, 2, 11, 4, 1, 5, 1, 18
55, 1, 10, 6, 1, 5, 5, 23
70, 1, 15, 6, 1, 6, 1, 1
37, 2, 10, 6, 2, 5, 1, 45
48, 2, 11, 6, 3, 5, 1, 17
43, 2, 1, 4, 1, 5, 1, 45
28, 1, 10, 3, 1, 5, 1, 31
64, 1, 14, 1, 1, 2, 1, 2
66, 2, 10, 5, 1, 5, 1, 27
45, 2, 15, 4, 1, 9, 1, 11
57, 2, 10, 4, 1, 2, 1, 22
62, 1, 12, 1, 1, 5, 1, 15
39, 2, 14, 4, 1, 5, 1, 11
50, 1, 4, 6, 8, 2, 6, 42
56, 1, 10, 4, 1, 5, 1, 41
