0 76 1 16 1 1 5 5 15 
1 51 2 14 5 1 2 1 13 
2 44 1 14 1 1 6 1 0 
3 58 1 10 1 1 5 1 44 
4 37 2 11 1 1 3 1 23 
5 46 1 15 1 1 5 60 0 
6 61 1 11 1 1 5 1 31 
7 50 2 10 6 2 5 1 20 
8 56 1 12 1 1 5 1 7 
9 55 1 12 1 1 5 1 1 
10 71 1 10 1 1 2 1 1 
11 52 2 11 1 1 5 1 20 
12 30 1 15 1 1 5 1 24 
13 23 1 11 6 2 5 1 32 
14 46 1 14 6 1 5 1 23 
15 42 2 10 1 2 9 1 28 
16 29 2 14 6 1 5 2 13 
17 40 2 14 6 1 5 3 4 
18 51 1 10 1 1 5 1 0 
19 25 2 10 2 1 5 3 21 
20 26 2 11 6 1 5 1 18 
21 32 1 11 1 1 8 1 19 
22 32 1 10 1 1 5 1 44 
23 31 1 10 1 7 2 4 23 
24 41 1 10 1 1 5 1 36 
25 27 1 11 1 1 5 1 43 
26 27 1 10 6 7 5 1 44 
27 25 1 12 1 1 6 1 11 
28 50 2 12 6 1 5 1 16 
29 81 2 10 4 1 5 1 44 
30 57 2 10 5 1 5 1 27 
31 50 2 14 4 1 5 1 0 
32 39 1 10 4 1 2 1 31 
33 52 1 11 1 1 3 1 0 
34 49 1 11 1 1 5 1 35 
35 44 1 14 1 1 5 1 8 
36 40 1 15 6 1 5 1 5 
37 45 1 16 1 1 5 1 8 
38 44 2 14 1 1 5 1 25 
39 69 1 8 5 1 5 1 38 
40 39 1 10 6 1 5 1 48 
41 66 1 11 1 1 5 2 13 
42 39 1 14 1 1 9 1 29 
43 65 1 11 1 1 2 1 31 
44 57 2 10 5 1 5 1 2 
45 51 1 14 1 1 5 1 34 
46 45 1 12 1 1 5 1 45 
47 52 1 14 1 6 5 54 45 
48 50 2 4 3 1 5 3 41 
49 40 1 10 1 1 5 1 9 
50 49 1 12 1 1 5 1 24 
51 57 1 10 1 1 5 1 45 
52 35 1 10 1 6 5 52 23 
53 53 2 11 4 1 5 1 38 
54 58 1 14 1 1 5 1 6 
55 50 1 10 1 1 5 1 23 
56 79 1 12 1 1 5 1 36 
57 51 2 15 1 1 5 1 10 
58 51 1 11 1 1 9 1 23 
59 46 1 11 1 2 5 1 43 
60 33 1 10 1 1 8 1 19 
61 48 1 12 6 1 2 1 4 
62 49 1 6 6 1 5 1 21 
63 31 1 10 1 1 5 1 31 
64 49 1 11 6 1 10 1 21 
65 51 1 14 1 1 5 1 45 
66 41 1 14 4 1 5 1 10 
67 33 1 10 1 1 5 1 48 
68 30 1 10 1 1 5 37 32 
69 30 2 6 6 1 5 1 26 
70 35 1 14 6 2 9 1 18 
71 23 1 14 6 2 5 1 23 
72 64 1 10 1 1 5 1 2 
73 60 1 11 1 1 5 1 1 
74 38 1 14 1 1 5 60 6 
75 61 1 10 1 1 5 1 45 
76 50 1 11 1 1 5 1 24 
77 62 1 14 1 1 2 1 23 
78 51 2 12 4 1 5 1 23 
79 38 1 9 1 1 5 1 40 
80 49 1 10 1 1 9 1 1 
81 31 1 14 6 1 5 1 1 
82 37 2 11 6 2 5 1 21 
83 54 1 11 1 1 5 1 45 
84 64 2 10 1 3 5 1 48 
85 43 1 10 1 1 2 1 1 
86 39 1 10 1 2 5 1 43 
87 71 1 11 1 1 5 1 23 
88 39 2 5 6 7 5 3 28 
89 53 2 11 2 1 8 1 26 
90 68 1 10 1 1 5 1 0 
91 67 1 11 1 1 2 1 31 
92 78 1 4 1 1 5 1 21 
93 26 2 11 6 1 5 1 28 
94 64 1 11 4 1 5 1 19 
95 47 2 10 6 1 5 1 28 
96 37 1 11 1 1 8 1 19 
97 42 1 12 6 1 5 1 28 
98 44 1 15 6 1 3 1 10 
99 50 2 14 4 1 8 1 11 
100 27 2 10 1 1 2 1 21 
101 27 1 11 6 1 5 1 26 
102 52 1 10 1 3 5 1 25 
103 29 2 12 3 1 5 1 27 
104 34 1 14 1 1 5 1 16 
105 40 2 8 6 3 5 1 23 
106 28 2 8 6 2 5 1 25 
107 51 2 11 4 1 5 1 2 
108 32 2 10 4 1 5 1 21 
109 55 1 10 1 1 2 1 1 
110 45 2 11 6 2 5 1 18 
111 43 1 16 1 1 5 1 15 
112 44 1 12 1 1 2 1 31 
113 27 1 14 6 1 5 1 0 
114 63 1 11 1 1 5 2 23 
115 48 1 15 1 1 5 1 19 
116 34 2 10 4 1 5 1 25 
117 35 1 12 1 1 5 1 43 
118 21 1 11 6 1 5 1 5 
119 39 1 10 1 1 5 1 48 
120 46 1 10 1 1 9 1 17 
121 28 1 14 6 1 5 1 23 
122 57 1 6 1 1 2 1 36 
123 64 1 10 1 1 5 1 43 
124 54 1 7 1 1 2 3 20 
125 42 2 7 1 1 5 1 41 
126 37 1 14 1 1 5 1 4 
127 41 1 7 1 1 2 1 45 
128 34 1 14 6 1 5 1 14 
129 52 1 14 1 1 5 1 21 
130 32 2 15 1 1 5 7 2 
131 53 1 11 1 1 5 1 0 
132 71 2 8 1 2 5 1 18 
133 39 1 10 1 7 8 1 36 
134 31 1 12 4 1 5 1 21 
135 64 1 14 1 1 5 1 23 
136 23 2 14 6 6 5 48 3 
137 59 1 10 1 1 5 1 7 
138 51 1 11 1 1 5 1 45 
139 52 2 14 4 1 9 1 11 
140 43 1 11 4 1 5 1 20 
141 65 1 10 4 1 5 1 24 
142 48 1 11 1 6 5 59 18 
143 53 2 16 5 1 5 1 4 
144 35 2 6 6 2 5 1 20 
145 22 1 14 6 1 5 1 36 
146 48 1 11 1 1 5 1 7 
147 59 1 14 1 1 3 1 24 
148 26 1 5 1 1 5 3 1 
149 31 1 14 6 8 5 1 13 
150 33 1 9 1 2 5 1 45 
151 63 1 5 1 1 5 1 28 
152 35 2 11 6 2 5 1 44 
153 54 2 14 1 1 3 1 23 
154 51 1 14 1 1 5 1 23 
155 37 2 10 6 2 5 1 23 
156 56 1 9 1 1 5 1 26 
157 48 2 10 6 1 5 1 21 
158 47 1 11 1 1 5 1 43 
159 28 1 15 1 7 5 7 7 
160 58 1 15 4 1 5 1 5 
161 47 1 14 1 1 5 1 4 
162 29 1 11 1 1 2 1 1 
163 22 2 11 1 1 5 1 25 
164 30 1 9 1 2 5 1 32 
165 54 2 11 4 1 5 1 26 
166 40 2 15 1 1 5 1 5 
167 53 2 10 4 1 5 1 18 
168 70 1 10 5 1 5 1 31 
169 68 1 14 5 1 5 1 4 
170 40 1 4 1 1 2 3 31 
171 43 1 12 2 1 3 1 31 
172 27 2 14 6 1 5 1 0 
173 68 1 10 1 1 5 1 21 
174 38 1 14 1 1 5 1 0 
175 46 2 10 1 1 5 37 23 
176 44 1 14 6 1 5 1 0 
177 67 1 8 1 1 5 1 37 
178 23 1 11 6 1 5 1 23 
179 41 2 10 6 2 5 1 43 
180 43 1 15 1 1 5 45 23 
181 35 1 14 1 1 9 1 25 
182 67 1 12 1 1 5 1 35 
183 50 1 14 1 1 2 1 15 
184 57 1 10 5 1 5 1 48 
185 52 1 11 1 1 5 1 40 
186 32 1 9 1 1 5 37 36 
187 55 1 11 1 1 5 1 43 
188 44 2 16 1 1 9 1 10 
189 43 2 15 6 1 5 1 10 
190 21 2 11 6 1 5 1 20 
191 43 1 16 1 1 2 1 15 
192 31 1 11 1 1 3 1 21 
193 31 1 11 1 1 5 1 36 
194 56 1 11 1 1 9 1 40 
195 45 1 12 1 1 5 1 45 
196 44 1 11 4 1 5 1 0 
197 37 1 14 4 1 5 1 5 
198 42 1 11 1 1 5 1 36 
199 39 1 14 6 1 5 1 35 
