0 23 2 14 6 1 9 1 11 
1 48 1 11 1 1 5 1 7 
2 48 1 10 1 1 5 39 36 
3 44 1 12 3 1 2 1 36 
4 36 1 14 1 1 5 1 0 
5 55 1 10 1 1 3 1 1 
6 41 1 12 1 1 5 1 2 
7 37 2 7 4 2 5 1 23 
8 54 1 12 1 1 8 1 10 
9 44 1 10 1 2 9 1 44 
10 39 2 7 1 1 3 1 22 
11 28 1 14 1 1 10 1 31 
12 34 1 11 4 1 5 1 43 
13 46 1 14 1 6 3 48 7 
14 26 1 11 1 1 6 14 49 
15 40 1 11 1 1 5 1 24 
16 44 1 11 1 2 5 1 23 
17 37 1 10 1 1 5 1 28 
18 35 1 15 6 1 5 1 0 
19 24 1 7 1 7 5 1 32 
20 39 1 14 6 1 5 1 0 
21 63 1 14 1 1 5 1 6 
22 38 1 14 1 1 5 1 6 
23 35 1 14 1 1 9 1 11 
24 41 1 9 6 1 5 1 36 
25 80 1 15 1 1 2 1 21 
26 42 2 11 4 1 5 1 28 
27 48 1 15 1 1 6 1 8 
28 32 1 10 1 1 5 1 31 
29 40 2 12 6 7 8 1 21 
30 67 1 1 4 2 5 1 48 
31 73 1 11 1 1 5 1 4 
32 20 1 11 6 2 5 6 20 
33 54 1 11 1 1 5 1 23 
34 55 1 10 1 1 5 1 34 
35 38 1 6 1 7 5 3 30 
36 45 1 12 1 1 5 1 6 
37 67 1 15 1 1 2 1 5 
38 31 1 8 6 1 5 1 35 
39 48 1 10 1 1 5 1 10 
40 32 1 10 1 7 5 7 40 
41 40 1 14 1 1 5 1 2 
42 43 1 14 1 1 5 1 4 
43 19 2 11 6 1 5 1 29 
44 77 2 8 5 1 5 1 23 
45 36 2 11 5 1 5 1 3 
46 58 1 5 4 1 5 1 45 
47 28 1 8 1 1 5 1 36 
48 58 1 15 1 1 5 1 36 
49 48 1 15 4 1 5 1 5 
50 57 1 15 3 1 3 1 24 
51 54 1 14 1 1 10 1 2 
52 33 1 14 6 1 5 1 25 
53 44 2 10 1 1 5 1 43 
54 59 1 11 1 1 2 1 24 
55 45 1 10 6 2 5 1 28 
56 55 2 10 1 1 5 1 23 
57 51 1 12 4 1 2 1 3 
58 55 1 10 4 1 5 1 38 
59 35 1 11 4 1 5 1 35 
60 60 1 16 1 1 5 1 10 
61 23 1 12 6 1 9 1 35 
62 59 2 10 5 1 5 1 26 
63 49 2 10 6 1 5 1 28 
64 36 2 10 3 1 5 1 29 
65 46 1 11 1 1 5 1 44 
66 59 1 10 1 1 5 1 38 
67 52 1 8 1 1 5 1 45 
68 32 1 11 1 1 5 1 5 
69 43 2 11 4 1 5 1 25 
70 31 1 14 4 8 8 1 11 
71 46 1 10 1 1 2 1 1 
72 30 2 11 1 1 9 1 26 
73 63 1 11 4 1 5 1 45 
74 53 1 14 1 1 5 1 7 
75 48 1 14 1 1 5 1 4 
76 54 2 11 4 1 6 1 27 
77 51 1 1 1 1 5 28 31 
78 18 1 8 6 1 5 1 43 
79 37 1 11 1 1 2 1 42 
80 60 1 14 1 1 5 1 0 
81 55 1 14 1 1 5 1 23 
82 50 2 10 3 2 9 1 20 
83 47 1 14 1 1 2 1 24 
84 46 2 12 3 1 5 1 22 
85 59 1 11 4 1 5 1 30 
86 35 1 7 1 1 5 1 33 
87 19 2 5 1 7 5 1 30 
88 26 1 10 6 2 2 1 22 
89 55 1 11 1 1 5 1 6 
90 68 1 14 1 1 8 1 11 
91 66 2 15 1 1 8 1 11 
92 40 1 11 1 4 6 46 48 
93 24 1 11 6 1 5 1 24 
94 73 2 6 4 1 5 1 43 
95 74 1 14 4 1 8 1 4 
96 22 1 10 6 1 5 1 36 
97 40 1 11 1 8 9 1 19 
98 48 1 11 6 1 5 1 45 
99 33 1 11 1 1 5 1 1 
100 27 1 14 6 1 5 1 25 
101 36 1 10 1 1 8 1 31 
102 50 1 14 1 2 5 1 24 
103 53 1 16 1 1 2 1 15 
104 31 1 6 1 1 5 1 48 
105 48 2 12 6 1 5 1 3 
106 30 1 10 1 1 5 1 41 
107 27 2 10 1 2 9 1 19 
108 29 1 10 1 2 9 1 21 
109 43 1 12 1 1 5 1 1 
110 23 1 11 6 1 5 1 3 
111 36 2 12 6 1 5 1 25 
112 33 1 12 1 1 5 1 45 
113 30 2 10 4 2 5 1 38 
114 33 1 10 1 2 5 6 31 
115 43 1 11 4 1 5 1 19 
116 32 1 10 3 1 5 3 0 
117 48 1 11 6 1 5 1 7 
118 63 1 9 1 1 5 1 45 
119 41 1 10 1 1 2 1 13 
120 39 1 10 1 1 5 1 31 
121 54 2 14 6 1 5 1 16 
122 40 1 6 1 1 5 1 36 
123 42 1 11 1 2 5 1 24 
124 31 1 11 1 1 5 1 41 
125 45 1 10 1 1 5 1 31 
126 27 2 12 6 2 5 1 25 
127 36 1 9 6 1 5 1 31 
128 23 1 10 6 1 5 1 21 
129 46 1 10 1 1 5 1 45 
130 51 1 11 4 1 5 1 40 
131 57 2 11 5 1 2 1 22 
132 43 1 11 1 1 5 1 31 
133 52 1 10 1 1 5 1 27 
134 53 1 14 1 1 5 1 11 
135 30 1 10 1 1 9 1 19 
136 65 1 14 4 1 5 1 23 
137 52 1 14 1 1 6 1 36 
138 25 1 9 1 1 5 1 35 
139 52 2 15 6 1 5 1 1 
140 51 2 15 6 1 8 1 11 
141 38 1 10 1 2 6 1 36 
142 28 1 9 1 1 9 1 31 
143 35 2 11 4 1 5 1 25 
144 67 1 5 1 1 2 1 1 
145 47 1 10 1 1 5 1 21 
146 47 1 12 1 1 5 1 48 
147 47 2 5 4 2 5 6 18 
148 36 1 11 1 1 6 1 25 
149 43 2 11 6 2 5 1 29 
150 43 1 10 1 2 3 6 6 
151 35 1 14 6 1 6 1 4 
152 36 1 1 6 7 5 4 31 
153 39 1 10 4 2 5 1 48 
154 26 1 11 6 1 5 55 2 
155 41 1 14 1 1 2 1 15 
156 39 2 10 4 1 5 1 23 
157 54 1 5 1 1 2 1 2 
158 47 1 17 1 6 3 48 3 
159 33 2 12 4 1 5 1 18 
160 62 1 10 1 1 5 1 2 
161 59 1 14 1 1 5 1 23 
162 21 1 12 6 1 5 1 24 
163 58 2 11 1 1 5 1 38 
164 53 1 11 1 1 5 1 44 
165 66 1 10 1 1 5 1 28 
166 29 2 15 6 1 5 1 44 
167 41 1 11 1 1 5 1 35 
168 27 1 10 6 1 5 1 31 
169 54 2 10 6 1 2 1 24 
170 53 1 10 1 1 5 1 35 
171 36 1 6 1 1 5 1 21 
172 42 1 14 1 1 5 1 35 
173 41 1 12 4 1 5 1 0 
174 26 1 10 1 6 5 57 44 
175 44 1 10 1 1 5 1 38 
176 48 1 10 1 1 5 1 45 
177 56 2 10 1 1 5 1 28 
178 40 1 9 6 1 5 1 21 
179 42 1 14 1 1 2 1 1 
180 41 1 10 1 1 5 1 23 
181 47 2 16 4 2 6 1 29 
182 50 2 11 4 1 2 1 21 
183 55 1 11 1 1 5 1 36 
184 47 1 14 1 1 6 1 49 
185 34 1 10 1 7 5 3 21 
186 48 1 14 1 1 5 1 7 
187 60 2 15 1 1 9 1 12 
188 45 1 11 1 2 5 1 14 
189 36 1 10 1 1 5 1 45 
190 63 1 10 1 1 5 1 48 
191 52 1 11 4 1 5 1 7 
192 54 2 14 4 1 5 1 26 
193 51 1 12 4 1 9 1 18 
194 36 2 15 1 1 9 1 10 
195 59 1 5 5 1 2 1 31 
196 33 2 14 2 1 9 1 11 
197 45 1 14 1 1 5 1 0 
198 35 2 11 4 1 5 7 27 
199 42 1 10 1 1 5 1 28 
200 47 2 12 3 2 5 1 10 
201 34 1 10 1 1 6 1 27 
202 43 2 14 6 1 5 1 0 
203 59 2 12 4 2 5 1 24 
204 45 1 14 1 1 5 1 0 
205 56 2 11 4 1 5 1 1 
206 39 1 10 1 1 5 1 45 
207 78 2 12 5 1 5 1 29 
208 39 1 7 6 1 2 1 31 
209 27 1 14 1 1 5 1 0 
210 29 1 11 1 1 5 36 23 
211 22 1 7 6 1 5 1 48 
212 57 2 15 4 1 5 1 28 
213 53 1 5 1 7 2 3 39 
214 23 1 11 6 1 5 1 20 
215 49 1 11 1 1 5 1 24 
216 77 1 11 1 1 5 1 14 
217 23 2 10 4 1 5 1 18 
218 41 1 14 1 1 5 1 0 
219 43 1 11 1 1 5 1 20 
220 64 1 6 6 8 5 1 45 
221 61 2 5 6 1 8 1 11 
222 33 1 16 1 7 5 3 15 
223 71 2 17 1 1 2 1 8 
224 40 2 11 1 7 5 7 3 
225 42 2 15 4 1 5 1 10 
226 24 1 10 6 1 5 1 48 
227 60 1 15 1 1 5 1 3 
228 51 1 14 1 1 2 1 5 
229 38 1 11 1 1 2 1 1 
230 50 1 11 5 1 5 1 21 
231 29 2 11 4 1 5 1 1 
232 33 1 10 1 1 8 1 19 
233 68 2 10 5 1 5 1 23 
234 43 1 14 1 1 6 1 7 
235 63 1 10 1 1 5 1 22 
236 26 1 14 6 1 5 26 4 
237 70 2 10 4 1 5 1 25 
238 35 2 14 1 1 5 1 25 
239 28 2 10 6 2 5 1 21 
240 33 1 14 6 6 6 83 3 
241 30 1 11 4 1 5 1 45 
242 41 2 10 4 1 5 1 18 
243 44 1 11 1 1 6 1 49 
244 46 2 11 4 1 5 1 17 
245 52 2 15 4 2 8 1 11 
246 37 2 12 6 1 5 1 25 
247 30 1 12 1 1 5 1 36 
248 38 1 9 1 7 5 3 31 
249 37 2 12 4 1 5 1 28 
250 44 1 10 2 4 5 46 0 
251 34 1 14 1 1 5 1 7 
252 47 1 12 4 1 5 1 36 
253 63 2 10 4 1 5 1 23 
254 35 1 17 6 1 5 7 11 
255 56 1 14 1 1 5 1 23 
256 40 2 11 6 1 5 1 25 
257 78 2 11 5 1 6 1 26 
258 44 1 11 1 2 5 1 37 
259 65 2 9 5 2 5 1 18 
260 38 2 11 1 8 5 6 18 
261 50 1 10 1 1 2 1 31 
262 48 1 9 1 1 5 1 23 
263 19 2 6 6 2 5 1 18 
264 55 1 15 1 1 9 1 10 
265 27 1 14 6 1 5 1 10 
266 48 1 14 1 1 9 1 35 
267 65 1 14 1 1 6 1 7 
268 26 2 14 1 1 9 1 11 
269 67 2 11 5 1 5 1 28 
270 26 2 11 4 1 8 1 29 
271 62 1 8 1 1 3 1 0 
272 43 2 11 4 1 5 1 10 
273 40 2 5 3 7 5 3 30 
274 49 1 10 1 1 5 1 7 
275 33 1 9 6 7 5 3 38 
276 64 1 16 1 1 8 1 15 
277 25 2 14 6 1 5 1 15 
278 36 1 11 1 1 5 1 23 
279 34 1 11 1 1 5 1 33 
280 25 2 10 6 2 5 1 23 
281 43 1 14 1 1 5 1 24 
282 37 1 15 4 1 5 1 10 
283 33 1 15 1 4 8 46 11 
284 32 2 10 4 7 5 1 18 
285 49 2 11 4 1 5 1 27 
286 52 1 14 4 1 5 1 16 
287 66 1 10 1 1 9 1 19 
288 40 1 11 1 1 6 3 26 
289 37 1 11 1 1 5 1 1 
290 70 1 11 1 1 2 1 1 
291 31 1 10 1 1 9 1 25 
292 36 1 17 1 1 5 3 5 
293 56 1 16 1 1 9 1 10 
294 48 1 10 1 1 5 1 36 
295 22 1 11 1 1 5 1 30 
296 23 1 10 1 2 5 1 32 
297 55 1 5 1 7 2 3 35 
298 45 2 14 4 1 9 1 10 
299 60 1 14 4 1 5 1 36 
300 55 1 5 1 1 5 1 48 
301 20 2 11 6 1 9 1 19 
302 65 1 7 1 1 5 1 21 
303 71 1 6 1 1 5 1 21 
304 39 1 14 1 1 8 1 11 
305 55 1 12 1 1 5 1 2 
306 36 1 7 1 1 5 1 45 
307 64 1 10 1 1 5 1 45 
308 21 1 8 6 2 5 6 36 
309 37 2 14 4 6 3 54 15 
310 60 1 5 3 1 5 1 45 
311 64 1 14 1 1 2 1 23 
312 29 2 10 6 1 5 1 25 
313 26 1 9 1 7 5 3 48 
314 32 2 11 4 1 5 1 26 
315 58 1 10 1 1 6 1 36 
316 50 1 11 4 1 5 1 36 
317 65 1 15 1 1 5 1 11 
318 22 2 11 6 1 5 1 23 
319 38 1 14 1 1 5 1 0 
320 63 1 14 1 1 6 1 19 
321 41 2 11 4 1 5 1 25 
322 31 1 11 1 1 5 1 36 
323 40 1 10 1 1 9 1 19 
324 73 1 7 1 1 5 1 40 
325 32 1 5 1 8 10 3 41 
326 31 1 14 1 1 5 1 5 
327 44 2 10 4 1 5 1 4 
328 37 1 15 1 6 5 81 2 
329 47 1 16 1 1 3 1 15 
330 49 2 11 1 1 9 1 26 
331 34 1 10 1 2 2 1 27 
332 38 1 10 4 1 6 1 27 
333 27 2 10 6 1 5 3 20 
334 40 2 15 4 1 5 1 17 
335 54 2 10 4 1 5 1 25 
336 26 1 12 1 1 5 1 10 
337 36 2 11 4 1 5 1 25 
338 47 1 14 1 1 3 1 1 
339 62 1 10 1 1 5 1 40 
340 55 1 10 1 1 5 1 31 
341 29 1 12 6 1 5 1 5 
342 53 1 10 1 1 2 1 1 
343 34 1 11 1 1 5 1 43 
344 69 2 5 5 1 5 3 41 
345 18 1 10 1 7 5 3 20 
346 32 2 11 4 1 5 35 1 
347 40 1 10 6 1 5 1 0 
348 42 1 11 4 1 5 1 23 
349 70 1 10 1 1 2 1 36 
350 22 1 5 6 1 5 3 20 
351 40 2 10 5 1 5 1 21 
352 67 1 12 1 1 5 1 10 
353 49 1 10 1 1 5 1 3 
354 45 1 10 1 1 5 1 34 
355 46 1 10 1 1 5 1 23 
356 56 2 14 5 1 8 1 4 
357 45 1 15 6 8 5 1 0 
358 44 2 12 3 8 5 1 26 
359 41 2 14 4 1 9 1 4 
360 59 2 14 4 1 5 1 11 
361 68 2 5 3 7 5 1 44 
362 44 2 15 6 1 2 1 6 
363 60 2 7 3 2 5 1 45 
364 81 1 11 5 1 2 1 13 
365 59 1 10 1 1 5 1 45 
366 63 1 14 1 6 2 48 38 
367 40 2 12 4 1 6 1 5 
368 56 2 14 4 1 5 1 0 
369 23 1 10 6 1 5 1 9 
370 57 1 10 1 1 9 1 2 
371 27 2 11 6 2 5 1 36 
372 37 1 9 1 1 5 1 31 
373 62 2 10 3 1 5 1 23 
374 47 1 14 1 1 5 1 19 
375 55 1 11 1 1 5 1 41 
376 49 1 15 6 1 5 1 1 
377 25 1 10 1 1 5 1 41 
378 36 1 10 1 2 6 1 49 
379 44 1 10 6 1 5 3 2 
380 25 2 11 1 7 9 1 29 
381 50 1 10 1 1 5 1 26 
382 30 2 11 3 1 5 1 18 
383 44 2 14 1 1 5 1 13 
384 85 1 15 1 1 6 1 29 
385 29 1 14 6 2 5 1 14 
386 55 1 11 1 1 5 1 0 
387 48 2 14 6 2 8 1 11 
388 38 1 10 4 1 5 1 42 
389 48 1 10 1 1 2 1 1 
390 25 1 9 6 1 5 1 31 
391 45 1 16 6 7 5 1 0 
392 52 2 14 5 1 5 1 11 
393 34 1 10 1 1 5 3 32 
394 35 2 10 1 2 9 6 18 
395 52 1 14 1 1 5 1 24 
396 40 1 12 6 1 9 1 35 
397 61 2 9 5 1 5 1 41 
398 31 1 11 1 2 9 1 19 
399 48 1 11 1 1 9 1 19 
400 62 1 15 1 1 5 1 2 
401 55 1 7 1 7 5 1 48 
402 59 2 10 4 1 9 1 27 
403 40 1 10 1 1 5 1 37 
404 32 1 1 1 7 5 3 21 
405 41 1 14 1 1 5 1 0 
406 33 2 14 1 1 9 1 11 
407 44 2 11 4 1 5 1 4 
408 51 2 11 4 1 5 1 23 
409 49 1 15 1 1 5 1 6 
410 83 1 15 1 1 5 1 0 
411 23 1 11 6 1 5 1 24 
412 49 1 11 1 2 6 1 28 
413 28 1 11 1 1 5 1 23 
414 40 1 10 1 1 5 1 0 
415 53 1 14 1 1 5 1 2 
416 72 2 7 5 1 5 1 20 
417 45 1 10 1 1 5 1 31 
418 48 2 10 4 1 5 1 29 
419 51 1 11 1 6 8 1 2 
420 53 1 14 6 1 5 1 41 
421 48 1 15 1 1 8 1 8 
422 24 1 5 1 1 2 1 31 
423 37 1 16 4 1 5 1 10 
424 54 2 6 5 1 2 1 23 
425 43 1 14 1 1 5 1 0 
426 35 1 12 6 2 5 1 38 
427 47 1 7 1 1 2 1 21 
428 41 2 11 4 1 5 1 45 
429 73 1 15 1 1 5 1 38 
430 23 1 10 1 1 5 1 45 
431 45 1 16 6 1 9 1 11 
432 53 1 14 1 1 8 1 6 
433 28 2 14 6 1 9 1 2 
434 46 2 10 4 1 5 1 0 
435 31 1 10 1 1 5 1 45 
436 53 1 14 1 1 5 1 4 
437 48 1 11 1 1 5 1 45 
438 50 1 11 1 1 3 1 2 
439 41 1 10 1 1 5 1 38 
440 39 1 14 6 1 5 1 13 
441 17 2 8 6 1 5 1 20 
442 39 2 11 6 1 5 1 27 
443 56 1 11 4 2 5 6 21 
444 55 1 10 1 1 5 1 41 
445 45 1 12 1 2 9 1 21 
446 51 2 1 4 8 5 1 48 
447 57 1 10 5 1 5 1 25 
448 63 2 10 5 1 5 1 24 
449 41 2 10 3 1 9 7 15 
450 30 2 6 4 1 5 1 41 
451 50 1 6 1 6 5 48 20 
452 42 2 10 4 2 5 1 21 
453 53 1 10 4 1 5 1 3 
454 75 1 8 1 1 2 1 45 
455 56 1 15 1 1 9 1 11 
456 36 1 7 1 1 5 1 38 
457 26 1 11 6 1 5 1 20 
458 38 1 6 4 8 5 6 44 
459 49 1 11 1 1 9 1 7 
460 35 1 14 1 7 8 1 11 
461 58 1 17 1 4 5 46 11 
462 52 1 10 1 1 5 1 48 
463 40 1 14 4 1 5 1 7 
464 32 2 14 4 1 5 1 0 
465 22 2 11 6 1 5 1 23 
466 54 1 11 1 1 2 1 1 
467 29 2 12 6 1 5 1 1 
468 50 1 10 1 1 2 1 23 
469 68 2 11 4 2 5 1 23 
470 44 1 10 1 1 2 1 1 
471 54 1 17 1 1 8 1 11 
472 37 2 14 6 1 5 1 0 
473 75 1 11 1 1 5 1 10 
474 41 2 11 4 2 5 6 18 
475 36 2 12 4 1 5 1 26 
476 59 1 17 4 1 5 1 4 
477 56 2 10 4 1 5 1 23 
478 49 1 14 1 1 5 1 11 
479 37 1 15 1 1 5 60 0 
480 69 1 11 1 1 10 1 19 
481 43 2 10 1 2 5 1 11 
482 56 1 10 1 1 5 1 24 
483 32 1 15 6 6 5 2 4 
484 41 1 14 1 1 6 3 4 
485 66 2 11 5 1 5 1 28 
486 30 1 5 1 7 5 3 41 
487 66 1 10 1 1 5 1 44 
488 34 1 11 1 1 5 1 4 
489 35 2 11 4 1 5 1 27 
490 26 2 10 6 1 5 1 42 
491 53 1 16 1 1 3 1 10 
492 26 2 11 3 7 5 4 18 
493 72 1 10 1 1 5 1 28 
494 37 2 10 4 2 5 1 19 
495 41 1 11 1 1 5 1 36 
496 40 1 10 4 1 5 1 48 
497 42 1 14 6 1 6 1 8 
498 65 1 11 1 1 5 1 45 
499 68 1 14 4 1 3 4 31 
500 39 1 10 1 2 5 6 36 
501 58 2 10 5 1 5 1 27 
502 44 1 11 1 1 5 1 44 
503 61 1 14 1 1 3 1 6 
504 64 1 15 1 1 3 1 2 
505 28 2 11 4 8 5 1 17 
506 38 2 11 6 2 8 1 26 
507 35 1 10 1 2 5 1 2 
508 33 1 14 1 5 5 47 0 
509 45 1 14 1 1 5 1 6 
510 53 1 14 1 1 8 1 4 
511 43 2 14 5 1 5 1 1 
512 55 1 12 1 1 5 1 46 
513 23 2 10 6 2 6 1 21 
514 71 1 11 4 1 5 1 0 
515 32 2 11 1 2 5 1 1 
516 34 1 10 6 1 8 1 21 
517 26 1 14 1 1 5 1 9 
518 93 1 5 1 1 9 3 48 
519 35 1 15 1 6 2 59 1 
520 35 1 14 1 1 5 1 4 
521 26 1 11 1 1 5 1 0 
522 63 1 10 1 1 5 1 0 
523 57 1 10 1 1 5 1 40 
524 27 2 7 6 2 9 1 44 
525 22 2 14 6 1 5 1 25 
526 26 1 12 1 1 5 1 31 
527 24 1 14 1 1 8 1 6 
528 39 1 10 1 1 2 1 38 
529 64 2 11 5 1 5 1 18 
530 48 1 14 1 1 5 1 3 
531 27 1 10 6 1 5 1 3 
532 50 2 10 4 1 5 1 29 
533 34 2 10 3 1 5 1 17 
534 59 2 10 5 1 5 1 20 
535 63 2 11 5 1 5 1 2 
536 42 1 11 1 1 5 1 45 
537 41 1 10 4 1 2 1 45 
538 29 2 11 3 2 5 1 20 
539 37 1 15 1 1 2 1 21 
540 27 2 14 6 1 5 1 3 
541 55 2 12 1 8 5 1 15 
542 58 1 6 4 1 5 1 27 
543 55 1 10 1 1 5 1 1 
544 46 1 11 2 1 5 1 40 
545 29 1 11 6 1 5 1 28 
546 19 1 10 6 2 5 1 21 
547 47 1 10 6 1 5 1 48 
548 52 1 11 1 1 5 1 41 
549 47 1 15 1 1 2 7 45 
550 41 2 11 1 1 2 1 23 
551 34 1 11 1 1 5 14 23 
552 58 2 8 4 1 5 1 23 
553 30 1 10 6 2 5 1 48 
554 31 2 14 6 1 5 1 2 
555 39 1 10 1 8 5 1 23 
556 58 2 7 1 1 5 1 48 
557 27 1 10 6 2 5 1 13 
558 52 1 8 1 1 10 1 42 
559 48 1 11 1 1 5 1 43 
560 50 1 14 1 6 5 54 21 
561 46 2 15 4 1 5 1 11 
562 47 1 5 1 1 5 25 32 
563 31 2 10 6 1 5 1 44 
564 59 2 16 5 1 5 1 18 
565 31 2 14 2 4 8 46 12 
566 54 2 12 5 1 5 1 22 
567 35 1 10 1 1 5 1 30 
568 67 2 10 5 1 5 1 0 
569 63 1 11 1 1 5 1 24 
570 53 1 14 1 1 5 1 0 
571 25 1 11 6 1 9 1 20 
572 46 2 8 4 2 5 1 23 
573 40 1 11 1 7 5 1 35 
574 45 1 14 6 1 8 1 7 
575 44 1 10 1 1 5 1 45 
576 26 1 14 1 1 8 1 11 
577 51 1 14 4 1 9 1 19 
578 35 1 1 1 1 5 3 30 
579 41 2 10 4 1 5 1 38 
580 61 2 12 5 1 5 2 26 
581 45 1 6 1 2 5 5 48 
582 48 1 14 1 1 3 1 36 
583 42 1 11 1 1 5 1 7 
584 49 2 10 4 1 8 1 29 
585 68 1 14 1 1 5 1 7 
586 45 1 11 4 1 5 1 25 
587 38 2 10 3 1 5 1 23 
588 41 2 11 6 1 5 1 26 
589 56 1 14 1 1 9 1 10 
590 61 1 10 5 1 5 1 43 
591 32 1 12 1 1 5 1 15 
592 67 1 9 1 1 5 1 21 
593 44 1 7 1 1 2 1 23 
594 75 1 15 1 1 9 1 11 
595 48 2 11 6 1 9 1 15 
596 23 2 10 2 1 5 1 23 
597 62 1 15 1 1 5 1 6 
598 34 1 10 6 1 3 2 0 
599 20 1 11 6 1 5 1 48 
600 44 2 14 6 1 5 1 0 
601 50 1 10 1 1 5 1 31 
602 64 2 11 5 1 5 1 23 
603 39 1 12 4 1 5 1 7 
604 57 2 14 1 1 6 1 26 
605 27 1 14 1 1 9 1 18 
606 34 2 11 4 2 5 1 29 
607 68 1 10 5 1 8 1 21 
608 23 2 10 6 2 5 1 29 
609 45 1 10 6 1 5 1 35 
610 43 1 10 4 1 5 1 48 
611 69 1 10 1 1 5 1 0 
612 28 1 11 6 1 5 1 35 
613 67 1 11 1 1 3 1 13 
614 62 2 6 5 1 5 1 21 
615 56 1 11 4 1 5 1 46 
616 44 1 10 1 1 9 1 27 
617 37 1 14 1 2 3 1 1 
618 34 2 10 6 1 5 1 20 
619 27 1 14 2 1 2 45 4 
620 40 1 9 1 1 2 5 23 
621 49 1 10 1 1 2 1 31 
622 44 2 10 4 2 2 1 23 
623 51 1 14 1 1 6 1 27 
624 55 1 8 1 1 2 1 31 
625 33 1 11 1 1 5 1 23 
626 63 1 11 1 1 2 1 2 
627 57 1 9 1 1 5 1 43 
628 25 2 11 6 2 5 1 28 
629 53 2 11 6 1 5 1 24 
630 33 1 10 6 7 5 1 21 
631 57 1 10 1 1 5 1 0 
632 44 1 14 1 1 5 1 0 
633 35 1 11 1 1 5 1 2 
634 64 2 10 5 1 5 1 23 
635 20 2 11 6 2 5 1 22 
636 49 1 11 3 1 5 1 21 
637 54 1 8 1 1 5 1 28 
638 59 1 12 1 1 5 1 6 
639 24 2 11 1 1 5 1 1 
640 65 1 11 1 1 5 1 45 
641 37 2 11 6 1 5 1 20 
642 50 1 10 4 1 5 1 4 
643 61 1 14 1 1 5 1 45 
644 62 1 14 1 1 5 1 2 
645 36 1 14 6 1 5 1 5 
646 24 1 14 6 1 9 1 11 
647 26 2 10 4 1 5 1 18 
648 50 1 14 1 1 5 1 10 
649 42 1 11 4 1 5 1 25 
650 30 1 14 1 1 5 1 6 
651 46 1 16 1 1 2 1 15 
652 29 2 10 6 1 5 1 48 
653 63 2 10 5 1 9 1 12 
654 32 1 14 1 6 6 59 6 
655 45 1 12 1 1 5 14 5 
656 36 1 14 1 1 2 1 1 
657 39 2 14 4 1 9 1 11 
658 52 2 11 6 7 9 1 15 
659 44 1 9 1 1 5 3 21 
660 74 2 10 4 1 5 1 20 
661 42 1 14 6 1 9 1 11 
662 25 2 9 3 7 5 1 26 
663 41 1 14 1 1 5 1 2 
664 72 1 10 1 1 2 1 1 
665 66 1 12 1 1 5 1 1 
666 51 1 15 1 1 5 1 24 
667 48 2 11 4 1 5 1 26 
668 29 2 11 6 2 9 1 12 
669 57 1 11 1 1 5 1 43 
670 41 1 15 1 1 5 1 0 
671 43 2 10 1 1 5 1 18 
672 42 1 11 3 8 5 6 35 
673 42 1 11 1 2 6 1 36 
674 35 1 10 3 1 2 1 44 
675 33 2 10 1 3 5 1 25 
676 29 2 7 4 1 5 1 29 
677 37 1 8 1 7 5 1 45 
678 68 2 10 5 1 5 1 2 
679 40 2 11 1 1 2 1 23 
680 45 1 14 6 5 5 1 23 
681 30 1 11 1 1 5 1 0 
682 23 1 11 6 7 5 3 23 
683 55 1 10 2 1 5 1 24 
684 55 1 14 1 1 2 1 6 
685 79 1 17 5 3 5 1 19 
686 65 1 11 1 1 5 2 24 
687 60 2 15 5 1 8 1 11 
688 49 1 14 1 1 3 1 4 
689 37 1 10 1 7 5 6 21 
690 57 2 10 5 1 5 1 25 
691 35 2 12 3 1 5 3 20 
692 37 1 10 4 1 5 1 28 
693 28 1 5 1 7 5 3 31 
694 59 1 10 1 1 5 1 38 
695 27 1 12 6 1 5 1 24 
696 70 2 10 5 1 5 1 27 
697 38 1 11 1 1 2 1 31 
698 52 2 11 5 2 5 1 25 
699 37 2 11 4 2 5 1 23 
700 40 1 14 4 1 2 1 34 
701 39 1 12 5 1 5 1 24 
702 50 2 11 3 2 5 1 17 
703 28 1 14 6 1 5 1 31 
704 55 1 8 1 2 5 1 42 
705 42 1 10 4 1 3 1 23 
706 34 1 14 1 1 5 1 0 
707 25 2 11 6 2 9 1 27 
708 29 1 11 3 1 2 1 41 
709 58 1 12 1 6 6 59 26 
710 56 2 5 5 1 5 1 21 
711 22 2 14 6 4 8 46 8 
712 75 1 10 2 1 9 1 29 
713 51 1 11 1 1 5 1 42 
714 31 2 10 4 1 5 1 25 
715 26 2 11 6 2 5 1 18 
716 37 1 10 1 1 5 1 32 
717 52 2 10 4 1 5 1 20 
718 66 2 6 4 1 5 1 21 
719 53 1 6 1 1 2 1 2 
720 46 2 7 1 2 5 1 18 
721 65 2 11 5 1 9 1 26 
722 62 1 10 1 1 5 1 0 
723 69 2 11 5 1 5 1 23 
724 36 1 14 1 1 6 1 5 
725 37 2 12 4 1 5 1 29 
726 40 2 14 4 1 8 1 3 
727 53 1 10 1 1 6 1 40 
728 50 1 10 4 1 2 1 48 
729 48 2 11 4 1 5 1 23 
730 60 1 10 1 1 2 1 2 
731 49 2 11 4 1 5 1 7 
732 24 2 15 6 1 3 1 13 
733 40 2 10 3 1 2 1 23 
734 59 1 14 1 1 5 1 0 
735 26 1 6 6 1 5 1 31 
736 53 1 14 6 1 5 1 4 
737 27 1 9 1 1 5 1 23 
738 28 1 17 6 1 5 22 20 
739 74 2 9 5 1 5 45 18 
740 43 1 15 1 1 5 1 7 
741 60 1 10 1 1 5 1 45 
742 40 2 10 4 1 5 1 20 
743 44 1 11 1 1 2 1 45 
744 55 2 11 5 1 9 13 29 
745 74 1 10 1 1 5 1 41 
746 34 1 10 1 1 5 1 37 
747 30 1 11 1 1 5 1 38 
748 41 1 15 1 1 5 1 0 
749 43 2 15 4 1 5 1 2 
750 42 1 11 3 2 5 1 24 
751 79 1 16 1 1 2 1 15 
752 53 1 12 1 1 6 1 23 
753 30 1 12 6 1 5 1 30 
754 42 2 14 1 1 5 1 24 
755 28 1 10 6 2 5 1 48 
756 43 1 4 1 7 2 3 35 
757 40 1 10 6 1 5 1 21 
758 33 2 14 6 1 5 1 26 
759 40 2 10 4 7 5 1 39 
760 73 1 10 1 1 5 1 30 
761 37 1 14 1 2 6 1 27 
762 32 1 14 1 2 5 1 33 
763 24 2 12 6 6 5 6 28 
764 30 1 12 6 1 9 1 2 
765 55 2 15 4 2 8 1 43 
766 30 2 12 6 1 5 1 28 
767 41 1 8 1 1 5 1 36 
768 54 2 14 4 1 2 1 5 
769 47 1 11 1 1 5 1 38 
770 62 1 8 1 1 5 1 44 
771 40 1 11 1 1 5 1 23 
772 35 1 16 1 1 3 1 10 
773 30 1 16 1 1 5 1 10 
774 51 2 8 3 8 9 6 18 
775 48 1 11 1 1 5 1 19 
776 53 1 12 1 1 5 1 24 
777 41 2 6 6 2 9 1 19 
778 42 1 10 1 1 5 1 32 
779 45 1 11 1 1 5 1 23 
780 26 1 15 6 1 5 1 5 
781 57 1 17 1 1 3 1 9 
782 52 1 14 1 1 5 26 0 
783 51 1 12 1 1 5 1 45 
784 32 1 14 6 1 5 1 5 
785 63 1 9 1 1 5 26 41 
786 66 1 5 1 1 5 7 21 
787 67 1 10 1 1 2 1 6 
788 60 2 11 5 1 9 1 28 
789 39 1 10 4 1 5 1 45 
790 47 1 11 4 1 3 1 24 
791 59 1 17 1 1 6 1 15 
792 38 1 14 1 2 8 1 14 
793 42 1 11 3 1 5 1 41 
794 62 1 5 1 1 5 1 38 
795 77 1 11 1 1 5 1 46 
796 31 1 12 1 1 5 1 13 
797 36 1 14 6 1 5 1 29 
798 32 1 10 1 7 5 6 37 
799 40 2 11 6 2 5 1 18 
800 20 2 1 6 7 5 3 22 
801 37 1 10 6 1 2 1 31 
802 36 1 10 1 2 5 1 23 
803 41 1 11 4 1 5 1 23 
804 45 1 10 1 1 5 1 40 
805 28 1 10 1 1 5 1 18 
806 37 1 10 1 1 5 1 21 
807 36 2 10 3 1 5 1 20 
808 38 1 10 1 1 5 1 31 
809 49 1 11 1 1 6 1 31 
810 58 1 17 1 1 2 1 3 
811 48 1 14 1 1 5 1 7 
812 42 1 10 1 1 5 1 45 
813 46 2 10 5 1 5 1 23 
814 25 2 11 6 2 5 1 28 
815 51 1 14 1 1 5 1 38 
816 49 2 10 4 2 5 1 18 
817 53 1 1 1 2 5 6 21 
818 21 2 11 6 1 5 1 24 
819 53 2 17 1 1 8 1 26 
820 32 1 11 1 3 5 1 33 
821 52 1 10 1 1 5 1 48 
822 26 1 11 3 2 5 6 25 
823 33 2 14 1 1 5 1 28 
824 34 1 14 1 1 5 1 24 
825 65 1 12 1 1 5 1 36 
826 47 1 5 1 8 5 25 23 
827 22 2 11 6 2 5 1 23 
828 55 2 9 5 1 5 1 29 
829 55 1 11 1 1 5 1 2 
830 68 2 15 6 1 8 1 11 
831 32 1 11 1 1 5 1 31 
832 56 1 1 1 7 5 3 41 
833 40 1 10 1 1 5 1 36 
834 53 1 11 1 1 5 1 24 
835 43 1 12 1 1 5 1 36 
836 51 1 10 1 1 2 1 1 
837 72 1 11 1 1 5 1 29 
838 72 1 14 1 1 2 1 24 
839 51 2 10 1 1 5 1 25 
840 36 1 12 1 1 5 1 24 
841 45 2 11 4 1 5 1 18 
842 81 2 16 5 1 5 1 24 
843 43 1 11 1 1 5 1 0 
844 35 1 15 1 1 5 1 26 
845 37 1 10 4 2 5 1 48 
846 64 1 10 1 1 5 1 45 
847 29 2 16 6 1 5 1 0 
848 62 2 7 1 1 9 1 21 
849 62 1 5 1 1 5 1 45 
850 57 1 11 1 1 5 1 31 
851 21 1 10 6 2 5 1 3 
852 46 1 11 1 6 5 59 1 
853 31 1 14 6 1 8 1 10 
854 34 1 14 1 1 5 1 0 
855 39 1 11 1 1 5 1 0 
856 71 1 9 1 8 9 1 21 
857 35 2 5 1 1 5 3 23 
858 39 2 9 6 2 5 6 23 
859 24 1 11 6 1 5 1 48 
860 37 1 10 1 1 5 39 45 
861 43 1 10 1 1 5 1 32 
862 45 1 10 1 1 5 1 45 
863 38 1 11 4 1 5 1 36 
864 53 1 10 1 2 5 1 44 
865 48 1 14 1 1 5 1 4 
866 38 1 11 4 1 2 1 21 
867 67 1 5 1 1 5 1 45 
868 49 1 11 1 1 5 1 22 
869 27 1 14 6 1 2 1 5 
870 64 2 10 4 1 2 1 23 
871 62 1 9 1 1 5 1 3 
872 38 1 10 1 1 5 1 36 
873 36 1 14 1 1 5 1 0 
874 42 2 15 4 1 5 1 21 
875 20 2 7 6 2 5 1 23 
876 44 2 10 5 1 5 1 28 
877 60 1 11 6 1 5 1 26 
878 31 2 14 4 1 8 1 11 
879 40 1 14 1 1 5 1 0 
880 31 2 12 4 1 5 1 18 
881 45 1 17 1 1 3 1 1 
882 32 1 14 1 1 3 1 18 
883 44 1 9 1 1 5 1 32 
884 64 1 10 1 1 5 1 36 
885 54 1 10 1 1 5 1 47 
886 53 1 15 1 1 5 45 23 
887 29 1 15 1 1 5 1 16 
888 28 2 14 6 1 8 1 11 
889 69 1 11 1 1 3 1 23 
890 32 1 14 1 1 5 1 23 
891 47 1 15 6 1 6 1 45 
892 31 2 14 6 1 5 1 0 
893 29 2 14 6 1 5 1 14 
894 30 1 15 3 1 9 1 11 
895 22 2 11 6 1 9 1 23 
896 54 1 11 4 1 5 1 48 
897 22 1 11 6 2 5 1 20 
898 35 1 12 4 1 5 1 44 
899 62 2 14 4 1 8 1 11 
900 57 1 10 1 1 5 3 26 
901 65 1 7 1 1 3 1 31 
902 47 2 12 6 1 8 1 43 
903 49 1 10 1 1 5 1 31 
904 34 1 10 1 1 3 1 0 
905 30 1 9 1 1 5 1 48 
906 31 2 16 1 1 5 1 10 
907 36 1 11 3 8 6 1 7 
908 55 2 11 1 3 6 1 5 
909 32 2 11 1 1 5 1 28 
910 46 1 14 1 1 5 1 4 
911 25 1 11 1 1 5 1 20 
912 57 1 11 1 1 5 1 23 
913 41 1 10 1 1 5 1 31 
914 37 1 10 6 1 5 1 24 
915 38 1 14 1 1 5 1 24 
916 42 1 10 1 1 3 1 21 
917 41 2 11 3 1 6 1 27 
918 36 1 6 1 1 2 1 1 
919 39 1 14 1 1 8 1 10 
920 42 1 15 1 1 5 15 8 
921 39 1 14 6 1 5 1 24 
922 83 1 8 2 1 2 1 1 
923 40 2 10 4 1 5 1 14 
924 48 1 15 4 1 9 1 11 
925 32 2 11 6 2 5 1 29 
926 58 2 10 3 2 5 1 18 
927 45 1 14 1 1 9 1 11 
928 34 2 10 2 4 5 46 20 
929 45 1 14 1 2 9 1 18 
930 60 1 7 1 1 8 1 43 
931 45 1 11 1 1 5 1 31 
932 61 1 14 4 1 5 1 7 
933 36 1 12 6 2 5 1 15 
934 57 2 14 5 1 2 1 11 
935 29 1 11 1 1 5 1 40 
936 40 1 12 4 1 5 1 1 
937 40 2 9 4 1 2 1 23 
938 33 1 9 2 7 5 3 45 
939 57 1 9 1 1 5 1 40 
940 45 1 10 4 1 3 16 0 
941 28 1 10 1 1 8 1 12 
942 43 1 15 1 1 3 1 11 
943 67 1 7 1 2 5 1 23 
944 29 1 8 1 7 5 1 44 
945 46 2 14 6 1 2 1 13 
946 42 1 14 1 1 3 1 4 
947 45 1 10 1 1 5 1 40 
948 28 2 11 4 1 5 1 10 
949 39 1 14 1 1 5 1 0 
950 46 1 14 4 1 6 30 7 
951 40 1 15 1 1 5 1 9 
952 60 2 1 5 2 9 1 18 
953 33 1 12 1 1 3 1 1 
954 63 1 11 5 1 5 1 31 
955 52 1 14 2 6 5 59 23 
956 36 2 14 6 1 5 1 29 
957 39 1 10 1 1 5 1 42 
958 61 1 15 1 6 9 59 14 
959 52 1 15 1 1 9 1 11 
960 35 1 9 6 1 5 1 36 
961 46 2 11 1 1 5 1 21 
962 40 1 11 1 1 5 1 40 
963 57 1 12 4 1 8 1 17 
964 34 1 10 1 1 2 1 31 
965 61 2 14 1 1 5 1 21 
966 50 1 14 1 1 5 1 2 
967 45 2 15 6 1 5 1 2 
968 24 2 14 6 6 9 51 16 
969 50 2 6 4 7 5 3 20 
970 64 1 15 1 1 5 4 13 
971 45 1 10 1 1 5 1 36 
972 37 1 11 1 3 5 1 32 
973 28 1 14 1 1 5 3 29 
974 55 1 15 1 1 8 1 11 
975 40 1 11 1 1 2 1 22 
976 60 1 11 1 1 9 1 2 
977 66 1 6 1 1 5 1 45 
978 29 1 10 6 2 5 1 18 
979 75 1 12 1 1 5 1 45 
980 75 1 11 5 1 5 1 24 
981 52 1 17 1 1 5 1 8 
982 47 1 14 1 1 6 1 25 
983 46 1 10 4 1 8 1 10 
984 56 2 14 4 1 3 1 1 
985 29 2 11 4 1 5 1 18 
986 55 1 10 6 1 5 5 23 
987 70 1 15 6 1 6 1 1 
988 37 2 10 6 2 5 1 45 
989 48 2 11 6 3 5 1 17 
990 43 2 1 4 1 5 1 45 
991 28 1 10 3 1 5 1 31 
992 64 1 14 1 1 2 1 2 
993 66 2 10 5 1 5 1 27 
994 45 2 15 4 1 9 1 11 
995 57 2 10 4 1 2 1 22 
996 62 1 12 1 1 5 1 15 
997 39 2 14 4 1 5 1 11 
998 50 1 4 6 8 2 6 42 
999 56 1 10 4 1 5 1 41 
