23, 2, 14, 6, 1, 9, 1, 11
48, 1, 11, 1, 1, 5, 1, 7
48, 1, 10, 1, 1, 5, 39, 36
44, 1, 12, 3, 1, 2, 1, 36
36, 1, 14, 1, 1, 5, 1, 0
55, 1, 10, 1, 1, 3, 1, 1
41, 1, 12, 1, 1, 5, 1, 2
37, 2, 7, 4, 2, 5, 1, 23
54, 1, 12, 1, 1, 8, 1, 10
44, 1, 10, 1, 2, 9, 1, 44
39, 2, 7, 1, 1, 3, 1, 22
28, 1, 14, 1, 1, 10, 1, 31
34, 1, 11, 4, 1, 5, 1, 43
46, 1, 14, 1, 6, 3, 48, 7
26, 1, 11, 1, 1, 6, 14, 49
40, 1, 11, 1, 1, 5, 1, 24
44, 1, 11, 1, 2, 5, 1, 23
37, 1, 10, 1, 1, 5, 1, 28
35, 1, 15, 6, 1, 5, 1, 0
24, 1, 7, 1, 7, 5, 1, 32
39, 1, 14, 6, 1, 5, 1, 0
63, 1, 14, 1, 1, 5, 1, 6
38, 1, 14, 1, 1, 5, 1, 6
35, 1, 14, 1, 1, 9, 1, 11
41, 1, 9, 6, 1, 5, 1, 36
80, 1, 15, 1, 1, 2, 1, 21
42, 2, 11, 4, 1, 5, 1, 28
48, 1, 15, 1, 1, 6, 1, 8
32, 1, 10, 1, 1, 5, 1, 31
40, 2, 12, 6, 7, 8, 1, 21
67, 1, 1, 4, 2, 5, 1, 48
73, 1, 11, 1, 1, 5, 1, 4
20, 1, 11, 6, 2, 5, 6, 20
54, 1, 11, 1, 1, 5, 1, 23
55, 1, 10, 1, 1, 5, 1, 34
38, 1, 6, 1, 7, 5, 3, 30
45, 1, 12, 1, 1, 5, 1, 6
67, 1, 15, 1, 1, 2, 1, 5
31, 1, 8, 6, 1, 5, 1, 35
48, 1, 10, 1, 1, 5, 1, 10
32, 1, 10, 1, 7, 5, 7, 40
40, 1, 14, 1, 1, 5, 1, 2
43, 1, 14, 1, 1, 5, 1, 4
19, 2, 11, 6, 1, 5, 1, 29
77, 2, 8, 5, 1, 5, 1, 23
36, 2, 11, 5, 1, 5, 1, 3
58, 1, 5, 4, 1, 5, 1, 45
28, 1, 8, 1, 1, 5, 1, 36
58, 1, 15, 1, 1, 5, 1, 36
48, 1, 15, 4, 1, 5, 1, 5
57, 1, 15, 3, 1, 3, 1, 24
54, 1, 14, 1, 1, 10, 1, 2
33, 1, 14, 6, 1, 5, 1, 25
44, 2, 10, 1, 1, 5, 1, 43
59, 1, 11, 1, 1, 2, 1, 24
45, 1, 10, 6, 2, 5, 1, 28
55, 2, 10, 1, 1, 5, 1, 23
51, 1, 12, 4, 1, 2, 1, 3
55, 1, 10, 4, 1, 5, 1, 38
35, 1, 11, 4, 1, 5, 1, 35
60, 1, 16, 1, 1, 5, 1, 10
23, 1, 12, 6, 1, 9, 1, 35
59, 2, 10, 5, 1, 5, 1, 26
49, 2, 10, 6, 1, 5, 1, 28
36, 2, 10, 3, 1, 5, 1, 29
46, 1, 11, 1, 1, 5, 1, 44
59, 1, 10, 1, 1, 5, 1, 38
52, 1, 8, 1, 1, 5, 1, 45
32, 1, 11, 1, 1, 5, 1, 5
43, 2, 11, 4, 1, 5, 1, 25
31, 1, 14, 4, 8, 8, 1, 11
46, 1, 10, 1, 1, 2, 1, 1
30, 2, 11, 1, 1, 9, 1, 26
63, 1, 11, 4, 1, 5, 1, 45
53, 1, 14, 1, 1, 5, 1, 7
48, 1, 14, 1, 1, 5, 1, 4
54, 2, 11, 4, 1, 6, 1, 27
51, 1, 1, 1, 1, 5, 28, 31
18, 1, 8, 6, 1, 5, 1, 43
37, 1, 11, 1, 1, 2, 1, 42
60, 1, 14, 1, 1, 5, 1, 0
55, 1, 14, 1, 1, 5, 1, 23
50, 2, 10, 3, 2, 9, 1, 20
47, 1, 14, 1, 1, 2, 1, 24
46, 2, 12, 3, 1, 5, 1, 22
59, 1, 11, 4, 1, 5, 1, 30
35, 1, 7, 1, 1, 5, 1, 33
19, 2, 5, 1, 7, 5, 1, 30
26, 1, 10, 6, 2, 2, 1, 22
55, 1, 11, 1, 1, 5, 1, 6
68, 1, 14, 1, 1, 8, 1, 11
66, 2, 15, 1, 1, 8, 1, 11
40, 1, 11, 1, 4, 6, 46, 48
24, 1, 11, 6, 1, 5, 1, 24
73, 2, 6, 4, 1, 5, 1, 43
74, 1, 14, 4, 1, 8, 1, 4
22, 1, 10, 6, 1, 5, 1, 36
40, 1, 11, 1, 8, 9, 1, 19
48, 1, 11, 6, 1, 5, 1, 45
33, 1, 11, 1, 1, 5, 1, 1
27, 1, 14, 6, 1, 5, 1, 25
36, 1, 10, 1, 1, 8, 1, 31
50, 1, 14, 1, 2, 5, 1, 24
53, 1, 16, 1, 1, 2, 1, 15
31, 1, 6, 1, 1, 5, 1, 48
48, 2, 12, 6, 1, 5, 1, 3
30, 1, 10, 1, 1, 5, 1, 41
27, 2, 10, 1, 2, 9, 1, 19
29, 1, 10, 1, 2, 9, 1, 21
43, 1, 12, 1, 1, 5, 1, 1
23, 1, 11, 6, 1, 5, 1, 3
36, 2, 12, 6, 1, 5, 1, 25
33, 1, 12, 1, 1, 5, 1, 45
30, 2, 10, 4, 2, 5, 1, 38
33, 1, 10, 1, 2, 5, 6, 31
43, 1, 11, 4, 1, 5, 1, 19
32, 1, 10, 3, 1, 5, 3, 0
48, 1, 11, 6, 1, 5, 1, 7
63, 1, 9, 1, 1, 5, 1, 45
41, 1, 10, 1, 1, 2, 1, 13
39, 1, 10, 1, 1, 5, 1, 31
54, 2, 14, 6, 1, 5, 1, 16
40, 1, 6, 1, 1, 5, 1, 36
42, 1, 11, 1, 2, 5, 1, 24
31, 1, 11, 1, 1, 5, 1, 41
45, 1, 10, 1, 1, 5, 1, 31
27, 2, 12, 6, 2, 5, 1, 25
36, 1, 9, 6, 1, 5, 1, 31
23, 1, 10, 6, 1, 5, 1, 21
46, 1, 10, 1, 1, 5, 1, 45
51, 1, 11, 4, 1, 5, 1, 40
57, 2, 11, 5, 1, 2, 1, 22
43, 1, 11, 1, 1, 5, 1, 31
52, 1, 10, 1, 1, 5, 1, 27
53, 1, 14, 1, 1, 5, 1, 11
30, 1, 10, 1, 1, 9, 1, 19
65, 1, 14, 4, 1, 5, 1, 23
52, 1, 14, 1, 1, 6, 1, 36
25, 1, 9, 1, 1, 5, 1, 35
52, 2, 15, 6, 1, 5, 1, 1
51, 2, 15, 6, 1, 8, 1, 11
38, 1, 10, 1, 2, 6, 1, 36
28, 1, 9, 1, 1, 9, 1, 31
35, 2, 11, 4, 1, 5, 1, 25
67, 1, 5, 1, 1, 2, 1, 1
47, 1, 10, 1, 1, 5, 1, 21
47, 1, 12, 1, 1, 5, 1, 48
47, 2, 5, 4, 2, 5, 6, 18
36, 1, 11, 1, 1, 6, 1, 25
43, 2, 11, 6, 2, 5, 1, 29
43, 1, 10, 1, 2, 3, 6, 6
35, 1, 14, 6, 1, 6, 1, 4
36, 1, 1, 6, 7, 5, 4, 31
39, 1, 10, 4, 2, 5, 1, 48
26, 1, 11, 6, 1, 5, 55, 2
41, 1, 14, 1, 1, 2, 1, 15
39, 2, 10, 4, 1, 5, 1, 23
54, 1, 5, 1, 1, 2, 1, 2
47, 1, 17, 1, 6, 3, 48, 3
33, 2, 12, 4, 1, 5, 1, 18
62, 1, 10, 1, 1, 5, 1, 2
59, 1, 14, 1, 1, 5, 1, 23
21, 1, 12, 6, 1, 5, 1, 24
58, 2, 11, 1, 1, 5, 1, 38
53, 1, 11, 1, 1, 5, 1, 44
66, 1, 10, 1, 1, 5, 1, 28
29, 2, 15, 6, 1, 5, 1, 44
41, 1, 11, 1, 1, 5, 1, 35
27, 1, 10, 6, 1, 5, 1, 31
54, 2, 10, 6, 1, 2, 1, 24
53, 1, 10, 1, 1, 5, 1, 35
36, 1, 6, 1, 1, 5, 1, 21
42, 1, 14, 1, 1, 5, 1, 35
41, 1, 12, 4, 1, 5, 1, 0
26, 1, 10, 1, 6, 5, 57, 44
44, 1, 10, 1, 1, 5, 1, 38
48, 1, 10, 1, 1, 5, 1, 45
56, 2, 10, 1, 1, 5, 1, 28
40, 1, 9, 6, 1, 5, 1, 21
42, 1, 14, 1, 1, 2, 1, 1
41, 1, 10, 1, 1, 5, 1, 23
47, 2, 16, 4, 2, 6, 1, 29
50, 2, 11, 4, 1, 2, 1, 21
55, 1, 11, 1, 1, 5, 1, 36
47, 1, 14, 1, 1, 6, 1, 49
34, 1, 10, 1, 7, 5, 3, 21
48, 1, 14, 1, 1, 5, 1, 7
60, 2, 15, 1, 1, 9, 1, 12
45, 1, 11, 1, 2, 5, 1, 14
36, 1, 10, 1, 1, 5, 1, 45
63, 1, 10, 1, 1, 5, 1, 48
52, 1, 11, 4, 1, 5, 1, 7
54, 2, 14, 4, 1, 5, 1, 26
51, 1, 12, 4, 1, 9, 1, 18
36, 2, 15, 1, 1, 9, 1, 10
59, 1, 5, 5, 1, 2, 1, 31
33, 2, 14, 2, 1, 9, 1, 11
45, 1, 14, 1, 1, 5, 1, 0
35, 2, 11, 4, 1, 5, 7, 27
42, 1, 10, 1, 1, 5, 1, 28
47, 2, 12, 3, 2, 5, 1, 10
34, 1, 10, 1, 1, 6, 1, 27
43, 2, 14, 6, 1, 5, 1, 0
59, 2, 12, 4, 2, 5, 1, 24
45, 1, 14, 1, 1, 5, 1, 0
56, 2, 11, 4, 1, 5, 1, 1
39, 1, 10, 1, 1, 5, 1, 45
78, 2, 12, 5, 1, 5, 1, 29
39, 1, 7, 6, 1, 2, 1, 31
27, 1, 14, 1, 1, 5, 1, 0
29, 1, 11, 1, 1, 5, 36, 23
22, 1, 7, 6, 1, 5, 1, 48
57, 2, 15, 4, 1, 5, 1, 28
53, 1, 5, 1, 7, 2, 3, 39
23, 1, 11, 6, 1, 5, 1, 20
49, 1, 11, 1, 1, 5, 1, 24
77, 1, 11, 1, 1, 5, 1, 14
23, 2, 10, 4, 1, 5, 1, 18
41, 1, 14, 1, 1, 5, 1, 0
43, 1, 11, 1, 1, 5, 1, 20
64, 1, 6, 6, 8, 5, 1, 45
61, 2, 5, 6, 1, 8, 1, 11
33, 1, 16, 1, 7, 5, 3, 15
71, 2, 17, 1, 1, 2, 1, 8
40, 2, 11, 1, 7, 5, 7, 3
42, 2, 15, 4, 1, 5, 1, 10
24, 1, 10, 6, 1, 5, 1, 48
60, 1, 15, 1, 1, 5, 1, 3
51, 1, 14, 1, 1, 2, 1, 5
38, 1, 11, 1, 1, 2, 1, 1
50, 1, 11, 5, 1, 5, 1, 21
29, 2, 11, 4, 1, 5, 1, 1
33, 1, 10, 1, 1, 8, 1, 19
68, 2, 10, 5, 1, 5, 1, 23
43, 1, 14, 1, 1, 6, 1, 7
63, 1, 10, 1, 1, 5, 1, 22
26, 1, 14, 6, 1, 5, 26, 4
70, 2, 10, 4, 1, 5, 1, 25
35, 2, 14, 1, 1, 5, 1, 25
28, 2, 10, 6, 2, 5, 1, 21
33, 1, 14, 6, 6, 6, 83, 3
30, 1, 11, 4, 1, 5, 1, 45
41, 2, 10, 4, 1, 5, 1, 18
44, 1, 11, 1, 1, 6, 1, 49
46, 2, 11, 4, 1, 5, 1, 17
52, 2, 15, 4, 2, 8, 1, 11
37, 2, 12, 6, 1, 5, 1, 25
30, 1, 12, 1, 1, 5, 1, 36
38, 1, 9, 1, 7, 5, 3, 31
37, 2, 12, 4, 1, 5, 1, 28
44, 1, 10, 2, 4, 5, 46, 0
34, 1, 14, 1, 1, 5, 1, 7
47, 1, 12, 4, 1, 5, 1, 36
63, 2, 10, 4, 1, 5, 1, 23
35, 1, 17, 6, 1, 5, 7, 11
56, 1, 14, 1, 1, 5, 1, 23
40, 2, 11, 6, 1, 5, 1, 25
78, 2, 11, 5, 1, 6, 1, 26
44, 1, 11, 1, 2, 5, 1, 37
65, 2, 9, 5, 2, 5, 1, 18
38, 2, 11, 1, 8, 5, 6, 18
50, 1, 10, 1, 1, 2, 1, 31
48, 1, 9, 1, 1, 5, 1, 23
19, 2, 6, 6, 2, 5, 1, 18
55, 1, 15, 1, 1, 9, 1, 10
27, 1, 14, 6, 1, 5, 1, 10
48, 1, 14, 1, 1, 9, 1, 35
65, 1, 14, 1, 1, 6, 1, 7
26, 2, 14, 1, 1, 9, 1, 11
67, 2, 11, 5, 1, 5, 1, 28
26, 2, 11, 4, 1, 8, 1, 29
62, 1, 8, 1, 1, 3, 1, 0
43, 2, 11, 4, 1, 5, 1, 10
40, 2, 5, 3, 7, 5, 3, 30
49, 1, 10, 1, 1, 5, 1, 7
33, 1, 9, 6, 7, 5, 3, 38
64, 1, 16, 1, 1, 8, 1, 15
25, 2, 14, 6, 1, 5, 1, 15
36, 1, 11, 1, 1, 5, 1, 23
34, 1, 11, 1, 1, 5, 1, 33
25, 2, 10, 6, 2, 5, 1, 23
43, 1, 14, 1, 1, 5, 1, 24
37, 1, 15, 4, 1, 5, 1, 10
33, 1, 15, 1, 4, 8, 46, 11
32, 2, 10, 4, 7, 5, 1, 18
49, 2, 11, 4, 1, 5, 1, 27
52, 1, 14, 4, 1, 5, 1, 16
66, 1, 10, 1, 1, 9, 1, 19
40, 1, 11, 1, 1, 6, 3, 26
37, 1, 11, 1, 1, 5, 1, 1
70, 1, 11, 1, 1, 2, 1, 1
31, 1, 10, 1, 1, 9, 1, 25
36, 1, 17, 1, 1, 5, 3, 5
56, 1, 16, 1, 1, 9, 1, 10
48, 1, 10, 1, 1, 5, 1, 36
22, 1, 11, 1, 1, 5, 1, 30
23, 1, 10, 1, 2, 5, 1, 32
55, 1, 5, 1, 7, 2, 3, 35
45, 2, 14, 4, 1, 9, 1, 10
60, 1, 14, 4, 1, 5, 1, 36
55, 1, 5, 1, 1, 5, 1, 48
20, 2, 11, 6, 1, 9, 1, 19
65, 1, 7, 1, 1, 5, 1, 21
71, 1, 6, 1, 1, 5, 1, 21
39, 1, 14, 1, 1, 8, 1, 11
55, 1, 12, 1, 1, 5, 1, 2
36, 1, 7, 1, 1, 5, 1, 45
64, 1, 10, 1, 1, 5, 1, 45
21, 1, 8, 6, 2, 5, 6, 36
37, 2, 14, 4, 6, 3, 54, 15
60, 1, 5, 3, 1, 5, 1, 45
64, 1, 14, 1, 1, 2, 1, 23
29, 2, 10, 6, 1, 5, 1, 25
26, 1, 9, 1, 7, 5, 3, 48
32, 2, 11, 4, 1, 5, 1, 26
58, 1, 10, 1, 1, 6, 1, 36
50, 1, 11, 4, 1, 5, 1, 36
65, 1, 15, 1, 1, 5, 1, 11
22, 2, 11, 6, 1, 5, 1, 23
38, 1, 14, 1, 1, 5, 1, 0
63, 1, 14, 1, 1, 6, 1, 19
41, 2, 11, 4, 1, 5, 1, 25
31, 1, 11, 1, 1, 5, 1, 36
40, 1, 10, 1, 1, 9, 1, 19
73, 1, 7, 1, 1, 5, 1, 40
32, 1, 5, 1, 8, 10, 3, 41
31, 1, 14, 1, 1, 5, 1, 5
44, 2, 10, 4, 1, 5, 1, 4
37, 1, 15, 1, 6, 5, 81, 2
47, 1, 16, 1, 1, 3, 1, 15
49, 2, 11, 1, 1, 9, 1, 26
34, 1, 10, 1, 2, 2, 1, 27
38, 1, 10, 4, 1, 6, 1, 27
27, 2, 10, 6, 1, 5, 3, 20
40, 2, 15, 4, 1, 5, 1, 17
54, 2, 10, 4, 1, 5, 1, 25
26, 1, 12, 1, 1, 5, 1, 10
36, 2, 11, 4, 1, 5, 1, 25
47, 1, 14, 1, 1, 3, 1, 1
62, 1, 10, 1, 1, 5, 1, 40
55, 1, 10, 1, 1, 5, 1, 31
29, 1, 12, 6, 1, 5, 1, 5
53, 1, 10, 1, 1, 2, 1, 1
34, 1, 11, 1, 1, 5, 1, 43
69, 2, 5, 5, 1, 5, 3, 41
18, 1, 10, 1, 7, 5, 3, 20
32, 2, 11, 4, 1, 5, 35, 1
40, 1, 10, 6, 1, 5, 1, 0
42, 1, 11, 4, 1, 5, 1, 23
70, 1, 10, 1, 1, 2, 1, 36
22, 1, 5, 6, 1, 5, 3, 20
40, 2, 10, 5, 1, 5, 1, 21
67, 1, 12, 1, 1, 5, 1, 10
49, 1, 10, 1, 1, 5, 1, 3
45, 1, 10, 1, 1, 5, 1, 34
46, 1, 10, 1, 1, 5, 1, 23
56, 2, 14, 5, 1, 8, 1, 4
45, 1, 15, 6, 8, 5, 1, 0
44, 2, 12, 3, 8, 5, 1, 26
41, 2, 14, 4, 1, 9, 1, 4
59, 2, 14, 4, 1, 5, 1, 11
68, 2, 5, 3, 7, 5, 1, 44
44, 2, 15, 6, 1, 2, 1, 6
60, 2, 7, 3, 2, 5, 1, 45
81, 1, 11, 5, 1, 2, 1, 13
59, 1, 10, 1, 1, 5, 1, 45
63, 1, 14, 1, 6, 2, 48, 38
40, 2, 12, 4, 1, 6, 1, 5
56, 2, 14, 4, 1, 5, 1, 0
23, 1, 10, 6, 1, 5, 1, 9
57, 1, 10, 1, 1, 9, 1, 2
27, 2, 11, 6, 2, 5, 1, 36
37, 1, 9, 1, 1, 5, 1, 31
62, 2, 10, 3, 1, 5, 1, 23
47, 1, 14, 1, 1, 5, 1, 19
55, 1, 11, 1, 1, 5, 1, 41
49, 1, 15, 6, 1, 5, 1, 1
25, 1, 10, 1, 1, 5, 1, 41
36, 1, 10, 1, 2, 6, 1, 49
44, 1, 10, 6, 1, 5, 3, 2
25, 2, 11, 1, 7, 9, 1, 29
50, 1, 10, 1, 1, 5, 1, 26
30, 2, 11, 3, 1, 5, 1, 18
44, 2, 14, 1, 1, 5, 1, 13
85, 1, 15, 1, 1, 6, 1, 29
29, 1, 14, 6, 2, 5, 1, 14
55, 1, 11, 1, 1, 5, 1, 0
48, 2, 14, 6, 2, 8, 1, 11
38, 1, 10, 4, 1, 5, 1, 42
48, 1, 10, 1, 1, 2, 1, 1
25, 1, 9, 6, 1, 5, 1, 31
45, 1, 16, 6, 7, 5, 1, 0
52, 2, 14, 5, 1, 5, 1, 11
34, 1, 10, 1, 1, 5, 3, 32
35, 2, 10, 1, 2, 9, 6, 18
52, 1, 14, 1, 1, 5, 1, 24
40, 1, 12, 6, 1, 9, 1, 35
61, 2, 9, 5, 1, 5, 1, 41
31, 1, 11, 1, 2, 9, 1, 19
48, 1, 11, 1, 1, 9, 1, 19
62, 1, 15, 1, 1, 5, 1, 2
55, 1, 7, 1, 7, 5, 1, 48
59, 2, 10, 4, 1, 9, 1, 27
40, 1, 10, 1, 1, 5, 1, 37
32, 1, 1, 1, 7, 5, 3, 21
41, 1, 14, 1, 1, 5, 1, 0
33, 2, 14, 1, 1, 9, 1, 11
44, 2, 11, 4, 1, 5, 1, 4
51, 2, 11, 4, 1, 5, 1, 23
49, 1, 15, 1, 1, 5, 1, 6
83, 1, 15, 1, 1, 5, 1, 0
23, 1, 11, 6, 1, 5, 1, 24
49, 1, 11, 1, 2, 6, 1, 28
28, 1, 11, 1, 1, 5, 1, 23
40, 1, 10, 1, 1, 5, 1, 0
53, 1, 14, 1, 1, 5, 1, 2
72, 2, 7, 5, 1, 5, 1, 20
45, 1, 10, 1, 1, 5, 1, 31
48, 2, 10, 4, 1, 5, 1, 29
51, 1, 11, 1, 6, 8, 1, 2
53, 1, 14, 6, 1, 5, 1, 41
48, 1, 15, 1, 1, 8, 1, 8
24, 1, 5, 1, 1, 2, 1, 31
37, 1, 16, 4, 1, 5, 1, 10
54, 2, 6, 5, 1, 2, 1, 23
43, 1, 14, 1, 1, 5, 1, 0
35, 1, 12, 6, 2, 5, 1, 38
47, 1, 7, 1, 1, 2, 1, 21
41, 2, 11, 4, 1, 5, 1, 45
73, 1, 15, 1, 1, 5, 1, 38
23, 1, 10, 1, 1, 5, 1, 45
45, 1, 16, 6, 1, 9, 1, 11
53, 1, 14, 1, 1, 8, 1, 6
28, 2, 14, 6, 1, 9, 1, 2
46, 2, 10, 4, 1, 5, 1, 0
31, 1, 10, 1, 1, 5, 1, 45
53, 1, 14, 1, 1, 5, 1, 4
48, 1, 11, 1, 1, 5, 1, 45
50, 1, 11, 1, 1, 3, 1, 2
41, 1, 10, 1, 1, 5, 1, 38
39, 1, 14, 6, 1, 5, 1, 13
17, 2, 8, 6, 1, 5, 1, 20
39, 2, 11, 6, 1, 5, 1, 27
56, 1, 11, 4, 2, 5, 6, 21
55, 1, 10, 1, 1, 5, 1, 41
45, 1, 12, 1, 2, 9, 1, 21
51, 2, 1, 4, 8, 5, 1, 48
57, 1, 10, 5, 1, 5, 1, 25
63, 2, 10, 5, 1, 5, 1, 24
41, 2, 10, 3, 1, 9, 7, 15
30, 2, 6, 4, 1, 5, 1, 41
50, 1, 6, 1, 6, 5, 48, 20
42, 2, 10, 4, 2, 5, 1, 21
53, 1, 10, 4, 1, 5, 1, 3
75, 1, 8, 1, 1, 2, 1, 45
56, 1, 15, 1, 1, 9, 1, 11
36, 1, 7, 1, 1, 5, 1, 38
26, 1, 11, 6, 1, 5, 1, 20
38, 1, 6, 4, 8, 5, 6, 44
49, 1, 11, 1, 1, 9, 1, 7
35, 1, 14, 1, 7, 8, 1, 11
58, 1, 17, 1, 4, 5, 46, 11
52, 1, 10, 1, 1, 5, 1, 48
40, 1, 14, 4, 1, 5, 1, 7
32, 2, 14, 4, 1, 5, 1, 0
22, 2, 11, 6, 1, 5, 1, 23
54, 1, 11, 1, 1, 2, 1, 1
29, 2, 12, 6, 1, 5, 1, 1
50, 1, 10, 1, 1, 2, 1, 23
68, 2, 11, 4, 2, 5, 1, 23
44, 1, 10, 1, 1, 2, 1, 1
54, 1, 17, 1, 1, 8, 1, 11
37, 2, 14, 6, 1, 5, 1, 0
75, 1, 11, 1, 1, 5, 1, 10
41, 2, 11, 4, 2, 5, 6, 18
36, 2, 12, 4, 1, 5, 1, 26
59, 1, 17, 4, 1, 5, 1, 4
56, 2, 10, 4, 1, 5, 1, 23
49, 1, 14, 1, 1, 5, 1, 11
37, 1, 15, 1, 1, 5, 60, 0
69, 1, 11, 1, 1, 10, 1, 19
43, 2, 10, 1, 2, 5, 1, 11
56, 1, 10, 1, 1, 5, 1, 24
32, 1, 15, 6, 6, 5, 2, 4
41, 1, 14, 1, 1, 6, 3, 4
66, 2, 11, 5, 1, 5, 1, 28
30, 1, 5, 1, 7, 5, 3, 41
66, 1, 10, 1, 1, 5, 1, 44
34, 1, 11, 1, 1, 5, 1, 4
35, 2, 11, 4, 1, 5, 1, 27
26, 2, 10, 6, 1, 5, 1, 42
53, 1, 16, 1, 1, 3, 1, 10
26, 2, 11, 3, 7, 5, 4, 18
72, 1, 10, 1, 1, 5, 1, 28
37, 2, 10, 4, 2, 5, 1, 19
41, 1, 11, 1, 1, 5, 1, 36
40, 1, 10, 4, 1, 5, 1, 48
42, 1, 14, 6, 1, 6, 1, 8
65, 1, 11, 1, 1, 5, 1, 45
68, 1, 14, 4, 1, 3, 4, 31
39, 1, 10, 1, 2, 5, 6, 36
58, 2, 10, 5, 1, 5, 1, 27
44, 1, 11, 1, 1, 5, 1, 44
61, 1, 14, 1, 1, 3, 1, 6
64, 1, 15, 1, 1, 3, 1, 2
28, 2, 11, 4, 8, 5, 1, 17
38, 2, 11, 6, 2, 8, 1, 26
35, 1, 10, 1, 2, 5, 1, 2
33, 1, 14, 1, 5, 5, 47, 0
45, 1, 14, 1, 1, 5, 1, 6
53, 1, 14, 1, 1, 8, 1, 4
43, 2, 14, 5, 1, 5, 1, 1
55, 1, 12, 1, 1, 5, 1, 46
23, 2, 10, 6, 2, 6, 1, 21
71, 1, 11, 4, 1, 5, 1, 0
32, 2, 11, 1, 2, 5, 1, 1
34, 1, 10, 6, 1, 8, 1, 21
26, 1, 14, 1, 1, 5, 1, 9
93, 1, 5, 1, 1, 9, 3, 48
35, 1, 15, 1, 6, 2, 59, 1
35, 1, 14, 1, 1, 5, 1, 4
26, 1, 11, 1, 1, 5, 1, 0
63, 1, 10, 1, 1, 5, 1, 0
57, 1, 10, 1, 1, 5, 1, 40
27, 2, 7, 6, 2, 9, 1, 44
22, 2, 14, 6, 1, 5, 1, 25
26, 1, 12, 1, 1, 5, 1, 31
24, 1, 14, 1, 1, 8, 1, 6
39, 1, 10, 1, 1, 2, 1, 38
64, 2, 11, 5, 1, 5, 1, 18
48, 1, 14, 1, 1, 5, 1, 3
27, 1, 10, 6, 1, 5, 1, 3
50, 2, 10, 4, 1, 5, 1, 29
34, 2, 10, 3, 1, 5, 1, 17
59, 2, 10, 5, 1, 5, 1, 20
63, 2, 11, 5, 1, 5, 1, 2
42, 1, 11, 1, 1, 5, 1, 45
41, 1, 10, 4, 1, 2, 1, 45
29, 2, 11, 3, 2, 5, 1, 20
37, 1, 15, 1, 1, 2, 1, 21
27, 2, 14, 6, 1, 5, 1, 3
55, 2, 12, 1, 8, 5, 1, 15
58, 1, 6, 4, 1, 5, 1, 27
55, 1, 10, 1, 1, 5, 1, 1
46, 1, 11, 2, 1, 5, 1, 40
29, 1, 11, 6, 1, 5, 1, 28
19, 1, 10, 6, 2, 5, 1, 21
47, 1, 10, 6, 1, 5, 1, 48
52, 1, 11, 1, 1, 5, 1, 41
47, 1, 15, 1, 1, 2, 7, 45
41, 2, 11, 1, 1, 2, 1, 23
34, 1, 11, 1, 1, 5, 14, 23
58, 2, 8, 4, 1, 5, 1, 23
30, 1, 10, 6, 2, 5, 1, 48
31, 2, 14, 6, 1, 5, 1, 2
39, 1, 10, 1, 8, 5, 1, 23
58, 2, 7, 1, 1, 5, 1, 48
27, 1, 10, 6, 2, 5, 1, 13
52, 1, 8, 1, 1, 10, 1, 42
48, 1, 11, 1, 1, 5, 1, 43
50, 1, 14, 1, 6, 5, 54, 21
46, 2, 15, 4, 1, 5, 1, 11
47, 1, 5, 1, 1, 5, 25, 32
31, 2, 10, 6, 1, 5, 1, 44
59, 2, 16, 5, 1, 5, 1, 18
31, 2, 14, 2, 4, 8, 46, 12
54, 2, 12, 5, 1, 5, 1, 22
35, 1, 10, 1, 1, 5, 1, 30
67, 2, 10, 5, 1, 5, 1, 0
63, 1, 11, 1, 1, 5, 1, 24
53, 1, 14, 1, 1, 5, 1, 0
25, 1, 11, 6, 1, 9, 1, 20
46, 2, 8, 4, 2, 5, 1, 23
40, 1, 11, 1, 7, 5, 1, 35
45, 1, 14, 6, 1, 8, 1, 7
44, 1, 10, 1, 1, 5, 1, 45
26, 1, 14, 1, 1, 8, 1, 11
51, 1, 14, 4, 1, 9, 1, 19
35, 1, 1, 1, 1, 5, 3, 30
41, 2, 10, 4, 1, 5, 1, 38
61, 2, 12, 5, 1, 5, 2, 26
45, 1, 6, 1, 2, 5, 5, 48
48, 1, 14, 1, 1, 3, 1, 36
42, 1, 11, 1, 1, 5, 1, 7
49, 2, 10, 4, 1, 8, 1, 29
68, 1, 14, 1, 1, 5, 1, 7
45, 1, 11, 4, 1, 5, 1, 25
38, 2, 10, 3, 1, 5, 1, 23
41, 2, 11, 6, 1, 5, 1, 26
56, 1, 14, 1, 1, 9, 1, 10
61, 1, 10, 5, 1, 5, 1, 43
32, 1, 12, 1, 1, 5, 1, 15
67, 1, 9, 1, 1, 5, 1, 21
44, 1, 7, 1, 1, 2, 1, 23
75, 1, 15, 1, 1, 9, 1, 11
48, 2, 11, 6, 1, 9, 1, 15
23, 2, 10, 2, 1, 5, 1, 23
62, 1, 15, 1, 1, 5, 1, 6
34, 1, 10, 6, 1, 3, 2, 0
20, 1, 11, 6, 1, 5, 1, 48
44, 2, 14, 6, 1, 5, 1, 0
50, 1, 10, 1, 1, 5, 1, 31
64, 2, 11, 5, 1, 5, 1, 23
39, 1, 12, 4, 1, 5, 1, 7
57, 2, 14, 1, 1, 6, 1, 26
27, 1, 14, 1, 1, 9, 1, 18
34, 2, 11, 4, 2, 5, 1, 29
68, 1, 10, 5, 1, 8, 1, 21
23, 2, 10, 6, 2, 5, 1, 29
45, 1, 10, 6, 1, 5, 1, 35
43, 1, 10, 4, 1, 5, 1, 48
69, 1, 10, 1, 1, 5, 1, 0
28, 1, 11, 6, 1, 5, 1, 35
67, 1, 11, 1, 1, 3, 1, 13
62, 2, 6, 5, 1, 5, 1, 21
56, 1, 11, 4, 1, 5, 1, 46
44, 1, 10, 1, 1, 9, 1, 27
37, 1, 14, 1, 2, 3, 1, 1
34, 2, 10, 6, 1, 5, 1, 20
27, 1, 14, 2, 1, 2, 45, 4
40, 1, 9, 1, 1, 2, 5, 23
49, 1, 10, 1, 1, 2, 1, 31
44, 2, 10, 4, 2, 2, 1, 23
51, 1, 14, 1, 1, 6, 1, 27
55, 1, 8, 1, 1, 2, 1, 31
33, 1, 11, 1, 1, 5, 1, 23
63, 1, 11, 1, 1, 2, 1, 2
57, 1, 9, 1, 1, 5, 1, 43
25, 2, 11, 6, 2, 5, 1, 28
53, 2, 11, 6, 1, 5, 1, 24
33, 1, 10, 6, 7, 5, 1, 21
57, 1, 10, 1, 1, 5, 1, 0
44, 1, 14, 1, 1, 5, 1, 0
35, 1, 11, 1, 1, 5, 1, 2
64, 2, 10, 5, 1, 5, 1, 23
20, 2, 11, 6, 2, 5, 1, 22
49, 1, 11, 3, 1, 5, 1, 21
54, 1, 8, 1, 1, 5, 1, 28
59, 1, 12, 1, 1, 5, 1, 6
24, 2, 11, 1, 1, 5, 1, 1
65, 1, 11, 1, 1, 5, 1, 45
37, 2, 11, 6, 1, 5, 1, 20
50, 1, 10, 4, 1, 5, 1, 4
61, 1, 14, 1, 1, 5, 1, 45
62, 1, 14, 1, 1, 5, 1, 2
36, 1, 14, 6, 1, 5, 1, 5
24, 1, 14, 6, 1, 9, 1, 11
26, 2, 10, 4, 1, 5, 1, 18
50, 1, 14, 1, 1, 5, 1, 10
42, 1, 11, 4, 1, 5, 1, 25
30, 1, 14, 1, 1, 5, 1, 6
46, 1, 16, 1, 1, 2, 1, 15
29, 2, 10, 6, 1, 5, 1, 48
63, 2, 10, 5, 1, 9, 1, 12
32, 1, 14, 1, 6, 6, 59, 6
45, 1, 12, 1, 1, 5, 14, 5
36, 1, 14, 1, 1, 2, 1, 1
39, 2, 14, 4, 1, 9, 1, 11
52, 2, 11, 6, 7, 9, 1, 15
44, 1, 9, 1, 1, 5, 3, 21
74, 2, 10, 4, 1, 5, 1, 20
42, 1, 14, 6, 1, 9, 1, 11
25, 2, 9, 3, 7, 5, 1, 26
41, 1, 14, 1, 1, 5, 1, 2
72, 1, 10, 1, 1, 2, 1, 1
66, 1, 12, 1, 1, 5, 1, 1
51, 1, 15, 1, 1, 5, 1, 24
48, 2, 11, 4, 1, 5, 1, 26
29, 2, 11, 6, 2, 9, 1, 12
57, 1, 11, 1, 1, 5, 1, 43
41, 1, 15, 1, 1, 5, 1, 0
43, 2, 10, 1, 1, 5, 1, 18
42, 1, 11, 3, 8, 5, 6, 35
42, 1, 11, 1, 2, 6, 1, 36
35, 1, 10, 3, 1, 2, 1, 44
33, 2, 10, 1, 3, 5, 1, 25
29, 2, 7, 4, 1, 5, 1, 29
37, 1, 8, 1, 7, 5, 1, 45
68, 2, 10, 5, 1, 5, 1, 2
40, 2, 11, 1, 1, 2, 1, 23
45, 1, 14, 6, 5, 5, 1, 23
30, 1, 11, 1, 1, 5, 1, 0
23, 1, 11, 6, 7, 5, 3, 23
55, 1, 10, 2, 1, 5, 1, 24
55, 1, 14, 1, 1, 2, 1, 6
79, 1, 17, 5, 3, 5, 1, 19
65, 1, 11, 1, 1, 5, 2, 24
60, 2, 15, 5, 1, 8, 1, 11
49, 1, 14, 1, 1, 3, 1, 4
37, 1, 10, 1, 7, 5, 6, 21
57, 2, 10, 5, 1, 5, 1, 25
35, 2, 12, 3, 1, 5, 3, 20
37, 1, 10, 4, 1, 5, 1, 28
28, 1, 5, 1, 7, 5, 3, 31
59, 1, 10, 1, 1, 5, 1, 38
27, 1, 12, 6, 1, 5, 1, 24
70, 2, 10, 5, 1, 5, 1, 27
38, 1, 11, 1, 1, 2, 1, 31
52, 2, 11, 5, 2, 5, 1, 25
37, 2, 11, 4, 2, 5, 1, 23
40, 1, 14, 4, 1, 2, 1, 34
39, 1, 12, 5, 1, 5, 1, 24
50, 2, 11, 3, 2, 5, 1, 17
28, 1, 14, 6, 1, 5, 1, 31
55, 1, 8, 1, 2, 5, 1, 42
42, 1, 10, 4, 1, 3, 1, 23
34, 1, 14, 1, 1, 5, 1, 0
25, 2, 11, 6, 2, 9, 1, 27
29, 1, 11, 3, 1, 2, 1, 41
58, 1, 12, 1, 6, 6, 59, 26
56, 2, 5, 5, 1, 5, 1, 21
22, 2, 14, 6, 4, 8, 46, 8
75, 1, 10, 2, 1, 9, 1, 29
51, 1, 11, 1, 1, 5, 1, 42
31, 2, 10, 4, 1, 5, 1, 25
26, 2, 11, 6, 2, 5, 1, 18
37, 1, 10, 1, 1, 5, 1, 32
52, 2, 10, 4, 1, 5, 1, 20
66, 2, 6, 4, 1, 5, 1, 21
53, 1, 6, 1, 1, 2, 1, 2
46, 2, 7, 1, 2, 5, 1, 18
65, 2, 11, 5, 1, 9, 1, 26
62, 1, 10, 1, 1, 5, 1, 0
69, 2, 11, 5, 1, 5, 1, 23
36, 1, 14, 1, 1, 6, 1, 5
37, 2, 12, 4, 1, 5, 1, 29
40, 2, 14, 4, 1, 8, 1, 3
53, 1, 10, 1, 1, 6, 1, 40
50, 1, 10, 4, 1, 2, 1, 48
48, 2, 11, 4, 1, 5, 1, 23
60, 1, 10, 1, 1, 2, 1, 2
49, 2, 11, 4, 1, 5, 1, 7
24, 2, 15, 6, 1, 3, 1, 13
40, 2, 10, 3, 1, 2, 1, 23
59, 1, 14, 1, 1, 5, 1, 0
26, 1, 6, 6, 1, 5, 1, 31
53, 1, 14, 6, 1, 5, 1, 4
27, 1, 9, 1, 1, 5, 1, 23
28, 1, 17, 6, 1, 5, 22, 20
74, 2, 9, 5, 1, 5, 45, 18
43, 1, 15, 1, 1, 5, 1, 7
60, 1, 10, 1, 1, 5, 1, 45
40, 2, 10, 4, 1, 5, 1, 20
44, 1, 11, 1, 1, 2, 1, 45
55, 2, 11, 5, 1, 9, 13, 29
74, 1, 10, 1, 1, 5, 1, 41
34, 1, 10, 1, 1, 5, 1, 37
30, 1, 11, 1, 1, 5, 1, 38
41, 1, 15, 1, 1, 5, 1, 0
43, 2, 15, 4, 1, 5, 1, 2
42, 1, 11, 3, 2, 5, 1, 24
79, 1, 16, 1, 1, 2, 1, 15
53, 1, 12, 1, 1, 6, 1, 23
30, 1, 12, 6, 1, 5, 1, 30
42, 2, 14, 1, 1, 5, 1, 24
28, 1, 10, 6, 2, 5, 1, 48
43, 1, 4, 1, 7, 2, 3, 35
40, 1, 10, 6, 1, 5, 1, 21
33, 2, 14, 6, 1, 5, 1, 26
40, 2, 10, 4, 7, 5, 1, 39
73, 1, 10, 1, 1, 5, 1, 30
37, 1, 14, 1, 2, 6, 1, 27
32, 1, 14, 1, 2, 5, 1, 33
24, 2, 12, 6, 6, 5, 6, 28
30, 1, 12, 6, 1, 9, 1, 2
55, 2, 15, 4, 2, 8, 1, 43
30, 2, 12, 6, 1, 5, 1, 28
41, 1, 8, 1, 1, 5, 1, 36
54, 2, 14, 4, 1, 2, 1, 5
47, 1, 11, 1, 1, 5, 1, 38
62, 1, 8, 1, 1, 5, 1, 44
40, 1, 11, 1, 1, 5, 1, 23
35, 1, 16, 1, 1, 3, 1, 10
30, 1, 16, 1, 1, 5, 1, 10
51, 2, 8, 3, 8, 9, 6, 18
48, 1, 11, 1, 1, 5, 1, 19
53, 1, 12, 1, 1, 5, 1, 24
41, 2, 6, 6, 2, 9, 1, 19
42, 1, 10, 1, 1, 5, 1, 32
45, 1, 11, 1, 1, 5, 1, 23
26, 1, 15, 6, 1, 5, 1, 5
57, 1, 17, 1, 1, 3, 1, 9
52, 1, 14, 1, 1, 5, 26, 0
51, 1, 12, 1, 1, 5, 1, 45
32, 1, 14, 6, 1, 5, 1, 5
63, 1, 9, 1, 1, 5, 26, 41
66, 1, 5, 1, 1, 5, 7, 21
67, 1, 10, 1, 1, 2, 1, 6
60, 2, 11, 5, 1, 9, 1, 28
39, 1, 10, 4, 1, 5, 1, 45
47, 1, 11, 4, 1, 3, 1, 24
59, 1, 17, 1, 1, 6, 1, 15
38, 1, 14, 1, 2, 8, 1, 14
42, 1, 11, 3, 1, 5, 1, 41
62, 1, 5, 1, 1, 5, 1, 38
77, 1, 11, 1, 1, 5, 1, 46
31, 1, 12, 1, 1, 5, 1, 13
36, 1, 14, 6, 1, 5, 1, 29
32, 1, 10, 1, 7, 5, 6, 37
40, 2, 11, 6, 2, 5, 1, 18
20, 2, 1, 6, 7, 5, 3, 22
37, 1, 10, 6, 1, 2, 1, 31
36, 1, 10, 1, 2, 5, 1, 23
41, 1, 11, 4, 1, 5, 1, 23
45, 1, 10, 1, 1, 5, 1, 40
28, 1, 10, 1, 1, 5, 1, 18
37, 1, 10, 1, 1, 5, 1, 21
36, 2, 10, 3, 1, 5, 1, 20
38, 1, 10, 1, 1, 5, 1, 31
49, 1, 11, 1, 1, 6, 1, 31
58, 1, 17, 1, 1, 2, 1, 3
48, 1, 14, 1, 1, 5, 1, 7
42, 1, 10, 1, 1, 5, 1, 45
46, 2, 10, 5, 1, 5, 1, 23
25, 2, 11, 6, 2, 5, 1, 28
51, 1, 14, 1, 1, 5, 1, 38
49, 2, 10, 4, 2, 5, 1, 18
53, 1, 1, 1, 2, 5, 6, 21
21, 2, 11, 6, 1, 5, 1, 24
53, 2, 17, 1, 1, 8, 1, 26
32, 1, 11, 1, 3, 5, 1, 33
52, 1, 10, 1, 1, 5, 1, 48
26, 1, 11, 3, 2, 5, 6, 25
33, 2, 14, 1, 1, 5, 1, 28
34, 1, 14, 1, 1, 5, 1, 24
65, 1, 12, 1, 1, 5, 1, 36
47, 1, 5, 1, 8, 5, 25, 23
22, 2, 11, 6, 2, 5, 1, 23
55, 2, 9, 5, 1, 5, 1, 29
55, 1, 11, 1, 1, 5, 1, 2
68, 2, 15, 6, 1, 8, 1, 11
32, 1, 11, 1, 1, 5, 1, 31
56, 1, 1, 1, 7, 5, 3, 41
40, 1, 10, 1, 1, 5, 1, 36
53, 1, 11, 1, 1, 5, 1, 24
43, 1, 12, 1, 1, 5, 1, 36
51, 1, 10, 1, 1, 2, 1, 1
72, 1, 11, 1, 1, 5, 1, 29
72, 1, 14, 1, 1, 2, 1, 24
51, 2, 10, 1, 1, 5, 1, 25
36, 1, 12, 1, 1, 5, 1, 24
45, 2, 11, 4, 1, 5, 1, 18
81, 2, 16, 5, 1, 5, 1, 24
43, 1, 11, 1, 1, 5, 1, 0
35, 1, 15, 1, 1, 5, 1, 26
37, 1, 10, 4, 2, 5, 1, 48
64, 1, 10, 1, 1, 5, 1, 45
29, 2, 16, 6, 1, 5, 1, 0
62, 2, 7, 1, 1, 9, 1, 21
62, 1, 5, 1, 1, 5, 1, 45
57, 1, 11, 1, 1, 5, 1, 31
21, 1, 10, 6, 2, 5, 1, 3
46, 1, 11, 1, 6, 5, 59, 1
31, 1, 14, 6, 1, 8, 1, 10
34, 1, 14, 1, 1, 5, 1, 0
39, 1, 11, 1, 1, 5, 1, 0
71, 1, 9, 1, 8, 9, 1, 21
35, 2, 5, 1, 1, 5, 3, 23
39, 2, 9, 6, 2, 5, 6, 23
24, 1, 11, 6, 1, 5, 1, 48
37, 1, 10, 1, 1, 5, 39, 45
43, 1, 10, 1, 1, 5, 1, 32
45, 1, 10, 1, 1, 5, 1, 45
38, 1, 11, 4, 1, 5, 1, 36
53, 1, 10, 1, 2, 5, 1, 44
48, 1, 14, 1, 1, 5, 1, 4
38, 1, 11, 4, 1, 2, 1, 21
67, 1, 5, 1, 1, 5, 1, 45
49, 1, 11, 1, 1, 5, 1, 22
27, 1, 14, 6, 1, 2, 1, 5
64, 2, 10, 4, 1, 2, 1, 23
62, 1, 9, 1, 1, 5, 1, 3
38, 1, 10, 1, 1, 5, 1, 36
36, 1, 14, 1, 1, 5, 1, 0
42, 2, 15, 4, 1, 5, 1, 21
20, 2, 7, 6, 2, 5, 1, 23
44, 2, 10, 5, 1, 5, 1, 28
60, 1, 11, 6, 1, 5, 1, 26
31, 2, 14, 4, 1, 8, 1, 11
40, 1, 14, 1, 1, 5, 1, 0
31, 2, 12, 4, 1, 5, 1, 18
45, 1, 17, 1, 1, 3, 1, 1
32, 1, 14, 1, 1, 3, 1, 18
44, 1, 9, 1, 1, 5, 1, 32
64, 1, 10, 1, 1, 5, 1, 36
54, 1, 10, 1, 1, 5, 1, 47
53, 1, 15, 1, 1, 5, 45, 23
29, 1, 15, 1, 1, 5, 1, 16
28, 2, 14, 6, 1, 8, 1, 11
69, 1, 11, 1, 1, 3, 1, 23
32, 1, 14, 1, 1, 5, 1, 23
47, 1, 15, 6, 1, 6, 1, 45
31, 2, 14, 6, 1, 5, 1, 0
29, 2, 14, 6, 1, 5, 1, 14
30, 1, 15, 3, 1, 9, 1, 11
22, 2, 11, 6, 1, 9, 1, 23
54, 1, 11, 4, 1, 5, 1, 48
22, 1, 11, 6, 2, 5, 1, 20
35, 1, 12, 4, 1, 5, 1, 44
62, 2, 14, 4, 1, 8, 1, 11
57, 1, 10, 1, 1, 5, 3, 26
65, 1, 7, 1, 1, 3, 1, 31
47, 2, 12, 6, 1, 8, 1, 43
49, 1, 10, 1, 1, 5, 1, 31
34, 1, 10, 1, 1, 3, 1, 0
30, 1, 9, 1, 1, 5, 1, 48
31, 2, 16, 1, 1, 5, 1, 10
36, 1, 11, 3, 8, 6, 1, 7
55, 2, 11, 1, 3, 6, 1, 5
32, 2, 11, 1, 1, 5, 1, 28
46, 1, 14, 1, 1, 5, 1, 4
25, 1, 11, 1, 1, 5, 1, 20
57, 1, 11, 1, 1, 5, 1, 23
41, 1, 10, 1, 1, 5, 1, 31
37, 1, 10, 6, 1, 5, 1, 24
38, 1, 14, 1, 1, 5, 1, 24
42, 1, 10, 1, 1, 3, 1, 21
41, 2, 11, 3, 1, 6, 1, 27
36, 1, 6, 1, 1, 2, 1, 1
39, 1, 14, 1, 1, 8, 1, 10
42, 1, 15, 1, 1, 5, 15, 8
39, 1, 14, 6, 1, 5, 1, 24
83, 1, 8, 2, 1, 2, 1, 1
40, 2, 10, 4, 1, 5, 1, 14
48, 1, 15, 4, 1, 9, 1, 11
32, 2, 11, 6, 2, 5, 1, 29
58, 2, 10, 3, 2, 5, 1, 18
45, 1, 14, 1, 1, 9, 1, 11
34, 2, 10, 2, 4, 5, 46, 20
45, 1, 14, 1, 2, 9, 1, 18
60, 1, 7, 1, 1, 8, 1, 43
45, 1, 11, 1, 1, 5, 1, 31
61, 1, 14, 4, 1, 5, 1, 7
36, 1, 12, 6, 2, 5, 1, 15
57, 2, 14, 5, 1, 2, 1, 11
29, 1, 11, 1, 1, 5, 1, 40
40, 1, 12, 4, 1, 5, 1, 1
40, 2, 9, 4, 1, 2, 1, 23
33, 1, 9, 2, 7, 5, 3, 45
57, 1, 9, 1, 1, 5, 1, 40
45, 1, 10, 4, 1, 3, 16, 0
28, 1, 10, 1, 1, 8, 1, 12
43, 1, 15, 1, 1, 3, 1, 11
67, 1, 7, 1, 2, 5, 1, 23
29, 1, 8, 1, 7, 5, 1, 44
46, 2, 14, 6, 1, 2, 1, 13
42, 1, 14, 1, 1, 3, 1, 4
45, 1, 10, 1, 1, 5, 1, 40
28, 2, 11, 4, 1, 5, 1, 10
39, 1, 14, 1, 1, 5, 1, 0
46, 1, 14, 4, 1, 6, 30, 7
40, 1, 15, 1, 1, 5, 1, 9
60, 2, 1, 5, 2, 9, 1, 18
33, 1, 12, 1, 1, 3, 1, 1
63, 1, 11, 5, 1, 5, 1, 31
52, 1, 14, 2, 6, 5, 59, 23
36, 2, 14, 6, 1, 5, 1, 29
39, 1, 10, 1, 1, 5, 1, 42
61, 1, 15, 1, 6, 9, 59, 14
52, 1, 15, 1, 1, 9, 1, 11
35, 1, 9, 6, 1, 5, 1, 36
46, 2, 11, 1, 1, 5, 1, 21
40, 1, 11, 1, 1, 5, 1, 40
57, 1, 12, 4, 1, 8, 1, 17
34, 1, 10, 1, 1, 2, 1, 31
61, 2, 14, 1, 1, 5, 1, 21
50, 1, 14, 1, 1, 5, 1, 2
45, 2, 15, 6, 1, 5, 1, 2
24, 2, 14, 6, 6, 9, 51, 16
50, 2, 6, 4, 7, 5, 3, 20
64, 1, 15, 1, 1, 5, 4, 13
45, 1, 10, 1, 1, 5, 1, 36
37, 1, 11, 1, 3, 5, 1, 32
28, 1, 14, 1, 1, 5, 3, 29
55, 1, 15, 1, 1, 8, 1, 11
40, 1, 11, 1, 1, 2, 1, 22
60, 1, 11, 1, 1, 9, 1, 2
66, 1, 6, 1, 1, 5, 1, 45
29, 1, 10, 6, 2, 5, 1, 18
75, 1, 12, 1, 1, 5, 1, 45
75, 1, 11, 5, 1, 5, 1, 24
52, 1, 17, 1, 1, 5, 1, 8
47, 1, 14, 1, 1, 6, 1, 25
46, 1, 10, 4, 1, 8, 1, 10
56, 2, 14, 4, 1, 3, 1, 1
29, 2, 11, 4, 1, 5, 1, 18
55, 1, 10, 6, 1, 5, 5, 23
70, 1, 15, 6, 1, 6, 1, 1
37, 2, 10, 6, 2, 5, 1, 45
48, 2, 11, 6, 3, 5, 1, 17
43, 2, 1, 4, 1, 5, 1, 45
28, 1, 10, 3, 1, 5, 1, 31
64, 1, 14, 1, 1, 2, 1, 2
66, 2, 10, 5, 1, 5, 1, 27
45, 2, 15, 4, 1, 9, 1, 11
57, 2, 10, 4, 1, 2, 1, 22
62, 1, 12, 1, 1, 5, 1, 15
39, 2, 14, 4, 1, 5, 1, 11
50, 1, 4, 6, 8, 2, 6, 42
56, 1, 10, 4, 1, 5, 1, 41
44, 1, 14, 1, 1, 5, 1, 19
53, 2, 10, 1, 1, 9, 1, 20
35, 1, 10, 6, 1, 5, 1, 0
37, 1, 12, 1, 1, 5, 1, 0
37, 1, 5, 1, 1, 5, 3, 31
73, 1, 10, 1, 1, 2, 1, 23
71, 1, 14, 1, 1, 5, 1, 24
67, 1, 14, 1, 2, 2, 1, 15
27, 1, 12, 6, 1, 5, 1, 15
42, 1, 10, 1, 1, 2, 1, 36
43, 1, 8, 1, 1, 5, 1, 32
31, 1, 1, 1, 1, 5, 3, 40
40, 1, 11, 1, 1, 3, 7, 45
55, 1, 11, 1, 1, 5, 1, 38
25, 1, 15, 6, 6, 5, 59, 11
49, 1, 12, 1, 1, 6, 1, 28
36, 1, 11, 1, 1, 3, 1, 23
38, 1, 10, 4, 1, 5, 1, 1
38, 1, 11, 1, 1, 5, 1, 28
66, 1, 14, 1, 1, 5, 1, 0
59, 1, 12, 1, 5, 5, 1, 7
53, 1, 12, 3, 1, 5, 1, 24
40, 2, 10, 4, 1, 2, 1, 21
44, 1, 12, 1, 1, 9, 1, 18
31, 1, 7, 4, 1, 5, 1, 31
51, 2, 10, 5, 2, 5, 1, 36
73, 1, 11, 1, 1, 2, 1, 23
67, 1, 11, 1, 1, 5, 1, 10
56, 2, 10, 4, 1, 5, 1, 28
52, 1, 4, 1, 4, 5, 57, 20
57, 1, 12, 1, 1, 5, 1, 30
51, 1, 12, 1, 1, 5, 1, 7
45, 2, 11, 1, 1, 5, 1, 48
58, 1, 10, 1, 1, 5, 1, 23
59, 2, 10, 4, 1, 5, 1, 25
25, 2, 11, 1, 1, 5, 1, 25
45, 1, 15, 1, 1, 5, 1, 4
31, 1, 14, 1, 1, 8, 1, 8
23, 1, 14, 1, 1, 8, 1, 15
34, 2, 12, 1, 1, 5, 1, 43
67, 1, 10, 1, 1, 5, 1, 45
55, 1, 5, 1, 1, 5, 1, 30
26, 2, 11, 6, 1, 5, 1, 25
65, 2, 10, 5, 1, 5, 1, 12
69, 1, 14, 1, 1, 5, 1, 23
67, 2, 15, 4, 1, 5, 1, 25
44, 2, 10, 4, 2, 5, 1, 39
34, 2, 9, 4, 2, 5, 1, 0
38, 1, 11, 1, 1, 5, 1, 32
24, 1, 11, 1, 1, 6, 1, 35
70, 1, 7, 5, 1, 5, 1, 45
44, 1, 11, 1, 1, 5, 1, 31
49, 1, 10, 1, 1, 5, 1, 25
31, 1, 9, 3, 1, 5, 1, 48
31, 1, 10, 1, 1, 3, 2, 31
25, 1, 11, 6, 8, 5, 1, 32
57, 1, 10, 1, 1, 5, 1, 40
41, 1, 11, 1, 1, 5, 1, 31
41, 1, 5, 1, 7, 5, 3, 30
41, 1, 15, 1, 1, 5, 1, 10
54, 1, 11, 1, 1, 5, 1, 25
56, 1, 15, 1, 1, 5, 1, 18
24, 2, 10, 6, 1, 5, 1, 20
29, 2, 8, 6, 2, 5, 1, 29
24, 1, 14, 6, 1, 5, 1, 2
34, 1, 10, 1, 7, 2, 6, 31
45, 1, 5, 2, 2, 5, 6, 32
46, 1, 10, 4, 1, 5, 1, 21
42, 1, 10, 1, 1, 9, 1, 19
49, 1, 10, 3, 1, 5, 1, 35
58, 2, 10, 4, 1, 5, 1, 28
22, 2, 12, 6, 1, 5, 1, 20
30, 1, 16, 1, 1, 5, 1, 10
68, 2, 10, 5, 1, 9, 1, 20
32, 2, 10, 3, 2, 5, 1, 23
54, 1, 16, 1, 1, 2, 1, 15
21, 2, 11, 6, 2, 5, 1, 27
23, 2, 10, 6, 1, 9, 1, 18
33, 1, 11, 1, 2, 5, 1, 1
35, 1, 15, 1, 1, 5, 1, 3
44, 1, 4, 1, 7, 5, 3, 45
78, 2, 5, 5, 1, 5, 1, 3
54, 2, 15, 4, 1, 5, 1, 3
33, 1, 11, 1, 1, 5, 1, 35
23, 2, 11, 6, 1, 5, 1, 20
33, 1, 15, 1, 1, 8, 1, 11
68, 1, 14, 1, 1, 5, 1, 0
37, 1, 12, 1, 6, 5, 1, 31
68, 1, 14, 1, 1, 5, 1, 0
78, 2, 14, 5, 1, 8, 1, 11
27, 2, 12, 3, 2, 5, 1, 26
40, 1, 14, 1, 1, 5, 1, 1
55, 2, 10, 4, 1, 5, 1, 25
77, 2, 5, 5, 1, 5, 1, 20
52, 1, 17, 6, 1, 5, 1, 11
19, 2, 11, 1, 1, 5, 1, 38
35, 1, 11, 4, 1, 5, 1, 6
38, 1, 11, 1, 1, 6, 1, 19
59, 1, 8, 1, 1, 3, 1, 45
25, 2, 10, 6, 1, 5, 1, 35
54, 1, 14, 4, 1, 6, 3, 35
42, 1, 10, 3, 1, 2, 1, 26
58, 2, 9, 5, 1, 5, 1, 20
31, 1, 15, 1, 2, 6, 1, 5
67, 1, 14, 1, 2, 5, 1, 0
39, 1, 10, 1, 1, 5, 1, 37
50, 1, 11, 1, 1, 5, 1, 23
36, 1, 11, 1, 1, 5, 1, 40
42, 1, 10, 6, 1, 5, 1, 40
42, 1, 16, 1, 1, 8, 1, 9
57, 1, 14, 1, 1, 5, 1, 27
20, 1, 9, 1, 1, 5, 1, 31
49, 2, 11, 3, 1, 5, 1, 28
33, 1, 12, 1, 1, 9, 1, 19
25, 2, 10, 3, 1, 5, 1, 23
48, 1, 11, 1, 1, 2, 1, 36
37, 2, 10, 2, 2, 5, 1, 1
47, 1, 11, 1, 1, 2, 1, 1
40, 1, 9, 1, 2, 5, 1, 31
35, 2, 14, 4, 1, 5, 1, 11
37, 1, 11, 6, 1, 5, 1, 5
38, 1, 14, 1, 1, 5, 1, 7
36, 2, 10, 4, 1, 5, 1, 27
48, 1, 11, 4, 1, 5, 1, 44
71, 1, 10, 1, 1, 5, 1, 30
61, 2, 11, 4, 1, 9, 1, 26
42, 1, 14, 4, 1, 5, 1, 4
37, 1, 11, 6, 1, 2, 1, 45
43, 1, 9, 1, 7, 5, 3, 20
26, 1, 10, 1, 1, 3, 1, 31
32, 2, 11, 6, 2, 5, 1, 18
22, 1, 10, 6, 2, 5, 1, 38
52, 2, 14, 5, 1, 2, 1, 24
35, 1, 11, 1, 1, 5, 1, 9
47, 2, 14, 1, 1, 5, 1, 23
47, 1, 10, 1, 1, 5, 37, 48
44, 1, 10, 1, 1, 5, 1, 31
30, 2, 8, 1, 7, 5, 1, 30
61, 1, 11, 1, 1, 5, 1, 0
61, 1, 11, 1, 1, 3, 1, 1
36, 1, 15, 1, 8, 5, 1, 0
51, 1, 14, 1, 1, 8, 1, 7
23, 2, 11, 6, 1, 5, 1, 0
61, 1, 14, 3, 1, 3, 69, 0
49, 1, 10, 1, 1, 5, 1, 39
27, 2, 15, 1, 1, 8, 1, 1
25, 1, 10, 6, 1, 5, 1, 23
70, 2, 11, 5, 2, 5, 1, 15
56, 1, 11, 1, 1, 5, 2, 45
36, 1, 12, 6, 6, 5, 1, 31
46, 1, 14, 1, 1, 5, 1, 1
32, 2, 10, 6, 2, 5, 1, 23
46, 1, 16, 1, 1, 5, 1, 10
38, 2, 15, 4, 1, 8, 1, 10
41, 2, 11, 1, 1, 5, 1, 7
58, 2, 15, 4, 1, 2, 1, 4
65, 1, 12, 1, 1, 5, 1, 1
52, 1, 10, 1, 2, 5, 1, 45
45, 1, 11, 1, 1, 5, 1, 40
42, 1, 11, 1, 1, 5, 1, 36
53, 1, 17, 1, 1, 5, 60, 0
27, 2, 10, 6, 1, 2, 1, 24
44, 1, 10, 1, 1, 5, 1, 43
36, 1, 7, 1, 1, 8, 1, 31
57, 1, 7, 4, 3, 9, 1, 43
34, 1, 10, 6, 1, 5, 1, 46
61, 1, 10, 1, 2, 5, 1, 36
34, 1, 14, 1, 1, 5, 1, 0
61, 1, 14, 1, 1, 2, 1, 6
55, 2, 11, 6, 1, 5, 13, 23
42, 1, 7, 6, 8, 5, 6, 20
27, 1, 9, 1, 7, 5, 3, 44
71, 1, 6, 1, 1, 5, 1, 46
50, 2, 12, 5, 7, 6, 1, 15
53, 1, 12, 1, 1, 5, 1, 35
52, 2, 11, 4, 1, 2, 1, 24
57, 1, 10, 1, 1, 5, 1, 45
43, 1, 10, 6, 1, 8, 1, 19
36, 2, 15, 1, 1, 5, 1, 15
47, 1, 11, 1, 1, 5, 1, 2
62, 1, 16, 4, 1, 5, 1, 15
56, 1, 11, 1, 1, 3, 1, 2
46, 2, 11, 1, 1, 5, 1, 27
51, 1, 11, 1, 1, 5, 12, 43
53, 1, 7, 1, 1, 6, 1, 36
38, 2, 14, 3, 1, 8, 1, 11
30, 2, 11, 6, 1, 5, 1, 28
67, 1, 4, 1, 1, 5, 3, 20
48, 1, 10, 2, 1, 8, 1, 36
55, 1, 15, 1, 1, 5, 16, 0
60, 1, 14, 1, 1, 5, 1, 2
41, 1, 10, 1, 1, 3, 1, 24
47, 1, 17, 4, 1, 2, 21, 0
52, 2, 15, 1, 1, 5, 1, 1
45, 1, 11, 1, 1, 9, 1, 19
37, 2, 1, 1, 7, 5, 3, 48
45, 2, 15, 3, 1, 9, 1, 11
37, 1, 10, 1, 8, 2, 68, 23
42, 1, 10, 1, 1, 5, 1, 31
45, 1, 11, 1, 1, 5, 1, 31
27, 2, 15, 6, 1, 5, 1, 11
53, 1, 10, 1, 1, 5, 1, 45
54, 1, 9, 4, 1, 5, 1, 30
20, 2, 11, 1, 5, 8, 1, 29
50, 1, 10, 6, 3, 5, 1, 40
34, 2, 10, 1, 1, 5, 1, 26
43, 1, 15, 4, 1, 5, 1, 9
52, 1, 11, 1, 1, 5, 1, 27
42, 2, 12, 4, 1, 5, 7, 25
76, 2, 10, 4, 2, 6, 1, 29
70, 1, 11, 1, 1, 5, 1, 36
57, 1, 15, 1, 1, 2, 1, 23
42, 1, 11, 1, 1, 5, 1, 28
38, 2, 11, 4, 1, 5, 1, 3
78, 1, 11, 1, 1, 3, 2, 1
33, 1, 10, 1, 1, 5, 1, 36
30, 1, 12, 1, 2, 6, 1, 4
40, 2, 11, 3, 1, 5, 1, 15
45, 1, 10, 4, 1, 5, 1, 38
73, 2, 10, 5, 1, 5, 1, 29
54, 1, 14, 1, 1, 2, 1, 23
60, 2, 10, 4, 1, 5, 1, 43
62, 1, 16, 1, 1, 2, 1, 10
54, 1, 8, 1, 1, 2, 1, 41
18, 2, 9, 6, 2, 5, 1, 20
45, 1, 11, 1, 1, 9, 1, 1
63, 1, 17, 1, 1, 5, 45, 11
81, 1, 14, 1, 1, 5, 1, 24
38, 1, 10, 1, 1, 5, 1, 40
48, 1, 14, 1, 1, 2, 1, 31
43, 2, 11, 1, 1, 9, 1, 33
20, 2, 12, 6, 2, 5, 1, 23
42, 1, 10, 1, 1, 2, 1, 1
39, 1, 10, 1, 1, 5, 1, 31
44, 1, 11, 6, 1, 5, 1, 26
39, 2, 15, 6, 1, 8, 1, 16
48, 1, 11, 1, 1, 5, 1, 0
27, 1, 14, 1, 3, 9, 1, 11
45, 1, 14, 1, 1, 2, 1, 31
56, 1, 10, 1, 1, 5, 1, 30
37, 1, 11, 1, 1, 9, 1, 38
41, 1, 10, 1, 1, 5, 1, 24
23, 1, 11, 1, 1, 2, 1, 23
27, 1, 10, 1, 1, 5, 1, 44
29, 2, 12, 6, 2, 5, 1, 29
50, 1, 11, 1, 8, 5, 1, 38
39, 1, 16, 1, 1, 9, 1, 7
44, 1, 10, 1, 7, 5, 1, 0
33, 1, 15, 1, 6, 5, 56, 7
26, 2, 12, 4, 1, 5, 1, 18
24, 2, 10, 6, 2, 5, 1, 25
54, 1, 5, 4, 1, 5, 1, 46
57, 1, 11, 4, 1, 5, 1, 29
74, 1, 6, 1, 2, 9, 1, 19
25, 1, 12, 1, 1, 5, 1, 26
29, 1, 5, 2, 7, 5, 3, 36
59, 2, 11, 4, 1, 5, 1, 16
40, 1, 11, 1, 1, 9, 1, 21
49, 1, 16, 1, 1, 2, 1, 10
40, 2, 11, 6, 1, 5, 1, 22
40, 2, 10, 4, 2, 5, 1, 1
55, 1, 17, 1, 1, 5, 1, 8
30, 2, 10, 2, 1, 9, 1, 29
34, 2, 10, 6, 2, 5, 1, 47
70, 1, 11, 1, 1, 5, 1, 45
26, 1, 14, 1, 1, 5, 1, 7
57, 1, 12, 1, 1, 3, 1, 1
30, 1, 10, 6, 1, 5, 1, 36
38, 2, 14, 6, 1, 9, 1, 23
30, 2, 11, 6, 1, 5, 1, 13
61, 1, 15, 4, 1, 8, 1, 0
42, 2, 15, 6, 1, 6, 1, 49
41, 1, 14, 6, 1, 5, 1, 14
53, 1, 10, 1, 1, 2, 1, 24
65, 1, 11, 1, 1, 5, 1, 45
64, 1, 10, 4, 1, 2, 1, 23
39, 1, 10, 1, 1, 3, 1, 30
71, 2, 10, 5, 1, 5, 1, 21
49, 1, 16, 4, 1, 3, 1, 16
32, 2, 15, 4, 1, 9, 1, 1
33, 1, 16, 1, 1, 5, 1, 15
41, 1, 14, 4, 1, 5, 1, 24
33, 1, 14, 1, 1, 6, 1, 45
53, 1, 10, 1, 3, 5, 1, 41
36, 1, 11, 1, 1, 5, 1, 24
45, 1, 14, 1, 1, 9, 1, 11
46, 2, 11, 3, 1, 5, 1, 4
26, 2, 10, 3, 1, 5, 1, 23
37, 1, 10, 1, 1, 5, 1, 24
59, 1, 11, 1, 1, 2, 1, 21
50, 1, 15, 1, 1, 5, 1, 11
64, 1, 10, 1, 1, 5, 1, 43
31, 1, 7, 1, 1, 5, 1, 2
49, 1, 16, 1, 1, 3, 1, 15
73, 2, 15, 5, 1, 5, 1, 15
48, 2, 8, 1, 2, 5, 1, 41
47, 2, 11, 6, 2, 5, 1, 38
52, 1, 9, 1, 6, 5, 57, 38
44, 1, 10, 1, 1, 2, 1, 1
43, 2, 11, 4, 1, 5, 1, 0
51, 1, 1, 3, 1, 5, 1, 45
57, 2, 10, 5, 1, 5, 1, 23
43, 1, 11, 1, 1, 5, 1, 31
36, 1, 10, 1, 2, 5, 1, 20
72, 2, 11, 4, 1, 9, 1, 15
76, 2, 11, 6, 1, 5, 1, 23
40, 1, 14, 1, 1, 5, 1, 29
25, 1, 14, 6, 1, 5, 1, 14
52, 2, 10, 4, 1, 5, 1, 18
47, 1, 14, 4, 1, 5, 1, 2
53, 1, 11, 1, 1, 5, 1, 24
38, 2, 11, 4, 1, 5, 1, 25
41, 1, 14, 1, 1, 5, 1, 24
23, 1, 11, 6, 1, 5, 1, 20
36, 2, 15, 1, 1, 5, 1, 0
47, 1, 9, 1, 1, 5, 3, 21
27, 1, 1, 1, 1, 5, 3, 31
71, 2, 15, 6, 1, 5, 1, 15
67, 2, 10, 5, 1, 3, 1, 23
73, 2, 11, 5, 2, 5, 1, 23
78, 1, 5, 1, 1, 2, 1, 31
36, 1, 10, 6, 1, 5, 1, 47
37, 1, 14, 2, 1, 5, 1, 3
54, 2, 14, 1, 1, 5, 1, 15
43, 1, 14, 1, 1, 5, 1, 0
41, 1, 12, 1, 1, 5, 1, 1
48, 1, 10, 1, 1, 9, 1, 31
22, 2, 11, 1, 1, 5, 1, 20
29, 2, 8, 1, 7, 5, 1, 29
69, 2, 10, 4, 2, 9, 1, 19
41, 1, 14, 1, 8, 5, 81, 18
52, 1, 14, 1, 1, 5, 1, 7
56, 1, 4, 1, 7, 5, 3, 30
63, 1, 10, 1, 8, 5, 1, 45
80, 1, 7, 1, 1, 2, 1, 1
52, 2, 11, 4, 1, 5, 1, 17
50, 2, 15, 4, 1, 3, 1, 4
68, 1, 7, 1, 1, 2, 1, 1
58, 2, 15, 6, 1, 5, 1, 26
56, 1, 11, 1, 1, 8, 1, 19
25, 1, 9, 1, 1, 5, 4, 31
36, 1, 10, 1, 1, 5, 1, 7
40, 2, 12, 4, 1, 2, 37, 21
37, 1, 14, 4, 1, 5, 1, 48
73, 1, 9, 4, 1, 9, 1, 45
31, 1, 11, 1, 1, 5, 1, 42
61, 1, 11, 1, 2, 2, 6, 45
62, 1, 14, 1, 1, 6, 1, 0
30, 1, 15, 2, 1, 5, 1, 5
39, 1, 10, 1, 1, 5, 1, 45
24, 1, 10, 6, 1, 5, 1, 31
39, 1, 10, 1, 1, 2, 1, 31
57, 1, 7, 1, 2, 2, 1, 21
43, 1, 11, 1, 1, 9, 1, 19
45, 1, 8, 4, 1, 5, 1, 28
39, 1, 14, 6, 1, 8, 1, 2
51, 1, 6, 1, 1, 5, 1, 21
31, 2, 11, 1, 1, 5, 1, 28
49, 1, 10, 1, 1, 5, 1, 31
36, 1, 15, 1, 1, 5, 1, 11
45, 2, 11, 4, 1, 5, 1, 23
55, 1, 14, 1, 1, 2, 60, 1
35, 1, 15, 4, 1, 5, 30, 0
38, 1, 14, 1, 1, 6, 1, 27
35, 2, 10, 4, 1, 5, 1, 21
52, 1, 11, 1, 1, 5, 1, 23
44, 1, 11, 4, 2, 9, 1, 36
43, 1, 11, 1, 1, 5, 1, 41
52, 1, 11, 1, 1, 5, 1, 45
32, 1, 14, 1, 1, 5, 1, 16
57, 1, 15, 1, 1, 6, 1, 26
39, 1, 15, 1, 1, 5, 1, 8
77, 1, 9, 3, 1, 5, 1, 19
55, 1, 10, 1, 1, 5, 1, 36
38, 1, 17, 1, 1, 5, 1, 11
23, 2, 11, 6, 1, 8, 1, 21
44, 1, 10, 1, 1, 5, 2, 0
47, 1, 17, 1, 1, 5, 1, 11
29, 1, 12, 4, 1, 9, 1, 19
23, 2, 14, 6, 6, 5, 1, 4
23, 1, 11, 6, 1, 5, 1, 20
26, 1, 10, 1, 2, 5, 1, 43
52, 1, 9, 1, 2, 5, 6, 19
51, 2, 10, 6, 7, 5, 4, 41
72, 2, 15, 5, 1, 9, 1, 11
52, 2, 8, 6, 2, 5, 1, 23
48, 1, 10, 1, 1, 2, 1, 31
56, 1, 16, 1, 1, 5, 1, 15
62, 1, 1, 1, 7, 5, 3, 48
50, 1, 12, 1, 6, 5, 57, 29
60, 1, 10, 1, 1, 2, 1, 1
44, 1, 15, 1, 1, 5, 1, 10
42, 2, 11, 1, 1, 5, 1, 28
21, 2, 10, 6, 2, 5, 1, 43
58, 1, 14, 1, 1, 5, 1, 6
59, 2, 14, 6, 1, 3, 1, 14
47, 1, 10, 4, 1, 5, 7, 24
73, 2, 11, 4, 1, 5, 1, 24
52, 1, 5, 1, 7, 5, 1, 31
57, 1, 9, 6, 1, 5, 1, 45
37, 2, 14, 1, 1, 5, 1, 25
37, 1, 12, 1, 1, 5, 1, 38
23, 1, 10, 1, 1, 5, 1, 23
36, 1, 17, 6, 1, 5, 1, 11
25, 1, 10, 1, 1, 5, 1, 36
29, 1, 11, 4, 1, 2, 1, 31
47, 1, 10, 2, 1, 5, 1, 32
52, 1, 17, 1, 1, 5, 35, 11
19, 1, 10, 6, 2, 5, 1, 28
49, 1, 11, 1, 1, 5, 1, 21
47, 1, 11, 1, 1, 8, 1, 33
64, 1, 8, 1, 1, 5, 1, 23
21, 1, 7, 6, 1, 5, 1, 48
46, 1, 15, 1, 1, 5, 1, 35
33, 1, 10, 1, 1, 5, 1, 40
72, 1, 9, 1, 1, 2, 1, 32
57, 2, 11, 4, 2, 5, 1, 18
60, 1, 11, 1, 1, 5, 1, 38
24, 2, 11, 6, 2, 5, 1, 18
67, 2, 10, 5, 1, 5, 1, 27
40, 2, 12, 4, 1, 9, 1, 28
43, 1, 10, 6, 1, 5, 1, 40
27, 1, 11, 6, 7, 5, 1, 0
67, 1, 11, 1, 5, 5, 1, 43
50, 1, 11, 1, 1, 5, 81, 1
62, 2, 11, 5, 1, 5, 1, 23
58, 1, 14, 3, 1, 5, 1, 23
22, 2, 10, 1, 1, 5, 1, 20
56, 1, 15, 1, 1, 5, 1, 23
59, 1, 15, 1, 7, 5, 1, 13
28, 2, 11, 3, 1, 5, 1, 23
54, 2, 12, 4, 1, 2, 1, 2
33, 2, 11, 1, 1, 5, 1, 23
46, 1, 11, 6, 1, 5, 1, 31
50, 2, 11, 4, 2, 6, 1, 27
19, 1, 10, 1, 1, 6, 1, 9
37, 2, 15, 6, 6, 5, 54, 24
54, 1, 14, 1, 1, 5, 1, 24
61, 1, 11, 3, 1, 2, 1, 41
42, 1, 11, 1, 1, 8, 1, 14
33, 1, 11, 1, 8, 5, 1, 23
46, 1, 5, 1, 7, 5, 3, 30
32, 2, 8, 4, 1, 5, 1, 20
35, 1, 14, 6, 1, 5, 1, 4
27, 1, 11, 6, 4, 5, 1, 31
75, 2, 11, 4, 1, 5, 1, 2
45, 1, 11, 1, 1, 9, 1, 11
49, 1, 10, 1, 1, 5, 1, 31
45, 1, 10, 1, 1, 5, 1, 40
38, 2, 14, 1, 1, 5, 1, 45
56, 1, 6, 1, 6, 5, 59, 3
26, 1, 10, 1, 1, 5, 1, 36
70, 1, 10, 1, 1, 5, 1, 32
62, 2, 15, 5, 1, 5, 1, 15
35, 1, 10, 1, 1, 5, 1, 23
49, 2, 11, 5, 1, 5, 1, 2
30, 1, 15, 6, 2, 9, 1, 10
48, 1, 11, 1, 1, 3, 1, 1
34, 2, 11, 6, 3, 5, 1, 23
40, 1, 14, 1, 1, 5, 1, 4
25, 2, 11, 6, 8, 5, 1, 3
69, 1, 5, 1, 1, 5, 1, 47
54, 1, 14, 1, 1, 9, 45, 31
31, 1, 10, 6, 1, 5, 1, 1
65, 2, 1, 5, 2, 2, 1, 23
53, 1, 11, 1, 1, 5, 1, 0
38, 1, 12, 6, 1, 5, 1, 15
54, 1, 10, 1, 1, 5, 1, 45
59, 1, 10, 1, 1, 5, 1, 31
49, 2, 15, 6, 1, 2, 1, 1
63, 1, 10, 1, 1, 5, 1, 43
75, 1, 8, 1, 1, 3, 1, 2
62, 2, 11, 1, 1, 5, 1, 27
36, 1, 10, 1, 1, 9, 1, 43
47, 2, 14, 4, 1, 5, 1, 23
57, 1, 11, 1, 1, 2, 1, 23
54, 1, 11, 1, 1, 2, 1, 7
33, 1, 10, 1, 1, 2, 1, 1
59, 1, 12, 1, 1, 5, 1, 2
63, 2, 10, 5, 1, 5, 1, 41
19, 2, 10, 6, 2, 6, 1, 27
55, 1, 16, 6, 1, 6, 1, 10
64, 1, 5, 5, 1, 5, 3, 21
51, 1, 11, 1, 1, 5, 1, 23
41, 2, 15, 4, 1, 5, 14, 13
43, 1, 7, 1, 1, 5, 1, 35
36, 2, 9, 6, 1, 5, 1, 20
33, 1, 11, 1, 1, 5, 1, 35
33, 1, 12, 1, 1, 9, 1, 19
46, 1, 12, 4, 1, 5, 1, 18
27, 1, 10, 1, 1, 10, 1, 39
41, 1, 14, 1, 1, 5, 1, 26
44, 1, 10, 1, 1, 5, 1, 48
40, 1, 10, 1, 1, 5, 1, 1
23, 2, 10, 6, 2, 5, 1, 23
24, 1, 11, 1, 1, 5, 1, 35
35, 1, 11, 1, 1, 5, 1, 36
41, 1, 11, 1, 1, 5, 1, 40
38, 2, 11, 4, 1, 5, 1, 28
49, 2, 12, 4, 1, 5, 1, 15
52, 2, 5, 4, 3, 5, 2, 19
45, 1, 14, 1, 1, 5, 1, 0
57, 1, 10, 1, 1, 5, 1, 40
26, 2, 15, 6, 4, 5, 46, 5
51, 2, 17, 6, 1, 2, 1, 14
57, 1, 10, 1, 1, 5, 1, 28
21, 2, 10, 1, 7, 5, 1, 25
48, 1, 10, 1, 1, 6, 1, 27
58, 1, 16, 1, 1, 6, 1, 8
53, 1, 14, 1, 1, 9, 1, 19
27, 1, 10, 1, 1, 5, 1, 42
72, 2, 10, 5, 1, 5, 1, 41
56, 1, 7, 1, 1, 5, 1, 10
59, 1, 6, 1, 1, 5, 1, 43
60, 1, 11, 4, 1, 9, 1, 19
30, 1, 11, 1, 1, 5, 1, 37
29, 1, 11, 6, 1, 5, 1, 23
36, 1, 14, 6, 1, 5, 1, 27
48, 2, 10, 3, 1, 5, 1, 43
60, 1, 10, 1, 2, 5, 1, 45
25, 1, 7, 5, 1, 2, 1, 10
31, 1, 12, 1, 1, 5, 1, 1
30, 1, 10, 1, 6, 5, 57, 35
33, 1, 11, 4, 1, 5, 1, 45
34, 2, 10, 6, 2, 5, 1, 25
27, 1, 10, 6, 2, 5, 1, 19
28, 1, 10, 1, 1, 5, 1, 31
42, 1, 15, 1, 1, 8, 1, 8
42, 1, 10, 1, 1, 5, 1, 47
60, 1, 14, 1, 1, 6, 1, 29
30, 1, 10, 1, 1, 5, 1, 38
42, 1, 6, 1, 1, 5, 3, 45
93, 2, 7, 5, 1, 9, 1, 23
22, 2, 11, 6, 2, 5, 1, 24
50, 1, 8, 1, 1, 5, 1, 21
43, 1, 9, 1, 1, 5, 1, 31
55, 1, 5, 1, 1, 5, 1, 48
29, 1, 8, 1, 1, 5, 1, 35
58, 1, 10, 1, 1, 3, 1, 23
50, 1, 14, 1, 1, 9, 1, 4
40, 1, 8, 1, 2, 5, 1, 44
29, 2, 14, 1, 1, 9, 1, 11
39, 1, 15, 1, 1, 5, 1, 4
55, 1, 15, 1, 1, 8, 1, 2
38, 1, 14, 1, 1, 5, 1, 0
39, 1, 10, 1, 1, 5, 1, 2
50, 1, 11, 4, 1, 5, 1, 35
54, 2, 5, 1, 7, 5, 6, 44
76, 1, 10, 1, 1, 5, 1, 3
43, 1, 14, 1, 1, 2, 1, 1
29, 1, 11, 1, 1, 5, 1, 20
47, 1, 10, 1, 2, 3, 1, 21
43, 2, 12, 1, 2, 5, 1, 29
48, 1, 11, 1, 1, 2, 1, 1
52, 1, 11, 1, 1, 5, 1, 45
53, 2, 11, 5, 1, 5, 1, 28
31, 1, 14, 6, 1, 5, 1, 24
65, 1, 11, 1, 1, 2, 1, 31
55, 1, 15, 1, 1, 9, 1, 11
55, 1, 11, 1, 1, 5, 1, 29
37, 1, 1, 1, 1, 5, 3, 41
25, 2, 14, 1, 1, 5, 1, 28
37, 1, 10, 1, 1, 5, 1, 38
62, 2, 10, 4, 1, 5, 1, 25
35, 1, 11, 1, 1, 5, 1, 24
85, 1, 8, 1, 1, 2, 1, 1
61, 1, 7, 1, 1, 5, 1, 23
40, 1, 15, 1, 1, 9, 1, 10
50, 1, 14, 1, 1, 9, 1, 11
29, 1, 16, 1, 1, 5, 1, 15
65, 2, 10, 5, 1, 5, 1, 43
62, 2, 7, 5, 2, 5, 1, 15
73, 1, 5, 1, 1, 5, 1, 21
32, 1, 11, 1, 1, 5, 1, 0
43, 2, 11, 4, 1, 5, 1, 13
32, 2, 9, 1, 7, 9, 1, 23
79, 1, 5, 1, 1, 9, 1, 23
20, 2, 11, 6, 7, 5, 1, 26
53, 1, 15, 1, 1, 5, 1, 45
48, 1, 10, 4, 1, 5, 1, 32
61, 2, 12, 1, 1, 5, 1, 15
82, 2, 11, 1, 1, 5, 1, 25
60, 1, 15, 1, 1, 5, 1, 10
38, 1, 11, 1, 1, 6, 1, 0
34, 1, 10, 1, 1, 5, 1, 43
32, 2, 14, 4, 1, 5, 1, 3
42, 1, 10, 1, 1, 5, 1, 45
40, 1, 10, 1, 1, 5, 1, 37
58, 1, 10, 1, 1, 8, 1, 0
56, 1, 14, 4, 1, 5, 1, 38
53, 1, 11, 1, 1, 5, 1, 23
40, 2, 10, 4, 1, 5, 1, 41
20, 1, 11, 1, 1, 6, 1, 49
30, 2, 11, 3, 1, 5, 1, 25
34, 1, 10, 1, 1, 5, 1, 36
69, 2, 8, 5, 1, 5, 1, 26
49, 2, 15, 4, 1, 5, 1, 11
58, 2, 5, 5, 7, 5, 3, 44
68, 1, 11, 5, 1, 5, 1, 22
49, 1, 12, 1, 1, 5, 1, 31
30, 1, 14, 6, 1, 5, 1, 23
47, 1, 12, 4, 1, 5, 1, 26
30, 1, 11, 1, 3, 5, 1, 42
20, 2, 11, 6, 1, 5, 1, 27
62, 1, 11, 5, 1, 9, 1, 25
63, 2, 14, 4, 1, 5, 1, 11
58, 1, 10, 1, 2, 8, 1, 36
54, 1, 16, 1, 1, 5, 1, 15
49, 1, 10, 2, 3, 5, 1, 38
60, 1, 7, 1, 1, 5, 1, 21
53, 1, 10, 1, 6, 3, 48, 37
54, 1, 11, 4, 2, 5, 1, 44
30, 1, 11, 4, 1, 5, 1, 36
30, 2, 15, 1, 1, 5, 1, 4
33, 2, 11, 6, 1, 5, 1, 18
32, 1, 11, 6, 1, 6, 1, 27
55, 1, 15, 1, 1, 5, 1, 0
55, 1, 15, 1, 1, 9, 1, 11
40, 1, 5, 1, 7, 5, 3, 31
45, 1, 10, 1, 1, 5, 1, 31
56, 2, 15, 4, 1, 9, 1, 11
46, 1, 8, 1, 1, 6, 1, 27
56, 2, 10, 4, 1, 5, 1, 25
31, 2, 11, 4, 1, 5, 1, 38
60, 1, 11, 1, 1, 9, 1, 10
54, 1, 11, 1, 1, 5, 1, 7
43, 1, 10, 1, 1, 8, 1, 31
54, 2, 14, 5, 1, 5, 1, 11
32, 1, 10, 1, 1, 5, 1, 28
56, 1, 10, 2, 1, 5, 5, 16
37, 2, 11, 4, 2, 2, 1, 41
40, 1, 6, 1, 1, 5, 1, 32
33, 2, 11, 6, 1, 5, 1, 13
68, 1, 9, 4, 2, 3, 1, 45
42, 1, 7, 1, 1, 5, 1, 25
35, 2, 16, 1, 1, 5, 1, 4
46, 1, 10, 4, 1, 5, 14, 26
28, 2, 14, 6, 2, 5, 1, 16
56, 1, 11, 1, 1, 5, 1, 40
43, 1, 14, 3, 6, 9, 6, 7
36, 1, 12, 1, 1, 5, 45, 16
52, 1, 10, 1, 1, 6, 1, 47
55, 2, 12, 5, 1, 8, 1, 14
36, 1, 17, 1, 1, 5, 1, 0
43, 1, 11, 3, 1, 5, 1, 35
57, 2, 16, 4, 1, 9, 1, 10
49, 1, 11, 1, 7, 5, 1, 38
34, 1, 16, 1, 1, 5, 1, 15
34, 2, 10, 4, 1, 5, 1, 18
48, 1, 11, 4, 2, 9, 1, 18
65, 1, 15, 1, 1, 3, 1, 0
19, 2, 11, 6, 1, 5, 1, 30
26, 1, 10, 1, 1, 5, 1, 25
42, 1, 15, 1, 1, 9, 1, 19
36, 1, 4, 4, 7, 5, 3, 44
74, 2, 10, 4, 1, 5, 1, 20
65, 1, 5, 1, 1, 5, 1, 29
40, 1, 12, 4, 1, 9, 1, 31
58, 1, 10, 1, 1, 3, 5, 23
48, 1, 11, 4, 1, 9, 1, 19
38, 1, 10, 6, 8, 5, 6, 36
27, 2, 15, 6, 1, 5, 1, 13
39, 1, 15, 1, 1, 5, 35, 12
57, 2, 15, 6, 1, 8, 1, 12
58, 1, 10, 1, 1, 6, 1, 27
31, 1, 1, 1, 7, 5, 3, 48
54, 1, 7, 2, 1, 5, 1, 44
72, 2, 14, 1, 1, 3, 1, 14
58, 1, 11, 1, 2, 5, 1, 20
42, 1, 8, 4, 7, 2, 1, 45
57, 1, 14, 1, 1, 5, 1, 35
46, 1, 15, 1, 1, 6, 1, 1
38, 1, 17, 6, 2, 5, 1, 0
35, 1, 11, 4, 1, 5, 1, 23
49, 2, 9, 4, 7, 5, 4, 23
47, 1, 11, 1, 1, 5, 1, 0
33, 1, 10, 1, 1, 5, 1, 43
58, 2, 9, 4, 1, 5, 1, 48
26, 1, 10, 6, 1, 5, 1, 23
30, 1, 8, 2, 1, 5, 3, 31
42, 1, 11, 6, 2, 5, 1, 45
53, 2, 14, 4, 1, 5, 1, 1
37, 1, 10, 1, 1, 5, 1, 0
42, 1, 11, 1, 1, 2, 1, 1
58, 1, 11, 1, 1, 9, 1, 10
71, 1, 14, 4, 1, 5, 1, 5
58, 1, 5, 5, 8, 5, 6, 30
28, 2, 10, 6, 1, 5, 1, 23
57, 1, 17, 1, 1, 5, 1, 11
45, 2, 15, 6, 1, 5, 1, 2
19, 1, 10, 6, 8, 5, 1, 48
60, 1, 15, 1, 1, 6, 1, 4
24, 1, 11, 6, 1, 5, 1, 31
22, 1, 11, 1, 1, 5, 1, 36
73, 1, 14, 1, 1, 5, 1, 10
49, 2, 8, 6, 2, 5, 1, 43
57, 1, 11, 1, 1, 5, 1, 0
53, 2, 10, 4, 1, 5, 1, 25
39, 1, 11, 1, 1, 5, 1, 24
64, 1, 10, 1, 1, 8, 1, 36
39, 1, 7, 1, 7, 5, 7, 38
26, 2, 11, 1, 1, 5, 1, 24
40, 1, 11, 1, 1, 2, 1, 24
59, 1, 8, 1, 1, 5, 1, 46
56, 1, 14, 1, 1, 5, 1, 24
31, 2, 5, 3, 7, 5, 3, 48
30, 2, 11, 4, 2, 5, 1, 18
52, 2, 14, 1, 1, 9, 1, 11
37, 2, 11, 4, 8, 5, 1, 28
42, 1, 11, 1, 1, 5, 1, 31
39, 1, 11, 1, 2, 5, 1, 18
47, 2, 11, 4, 1, 5, 1, 4
49, 1, 11, 1, 6, 5, 54, 23
38, 1, 14, 1, 1, 8, 1, 6
42, 1, 10, 1, 1, 5, 1, 46
33, 1, 12, 1, 1, 5, 1, 4
50, 1, 11, 1, 1, 8, 1, 35
39, 2, 10, 4, 1, 5, 1, 38
43, 1, 10, 1, 1, 3, 35, 31
26, 2, 8, 6, 2, 5, 1, 48
42, 2, 11, 5, 2, 9, 1, 12
33, 1, 11, 6, 8, 5, 1, 7
44, 2, 15, 6, 1, 5, 1, 25
37, 1, 14, 1, 1, 5, 1, 0
46, 1, 10, 4, 1, 5, 1, 45
41, 1, 10, 1, 1, 2, 1, 36
40, 2, 10, 5, 2, 5, 1, 20
23, 1, 10, 1, 1, 5, 1, 26
39, 2, 12, 4, 1, 2, 1, 25
54, 1, 6, 4, 7, 5, 1, 45
60, 1, 15, 1, 1, 5, 1, 1
58, 1, 14, 1, 1, 5, 1, 5
47, 1, 10, 1, 6, 5, 59, 45
53, 1, 16, 1, 1, 2, 1, 15
50, 2, 9, 1, 1, 5, 1, 18
34, 1, 14, 1, 1, 5, 1, 24
40, 1, 11, 1, 1, 5, 1, 13
64, 2, 11, 4, 1, 5, 1, 0
61, 1, 11, 1, 1, 5, 1, 31
20, 1, 10, 1, 1, 6, 1, 49
52, 1, 14, 3, 1, 5, 47, 2
32, 2, 14, 1, 1, 8, 1, 14
42, 1, 10, 1, 1, 5, 1, 10
41, 2, 11, 6, 1, 5, 1, 26
27, 2, 8, 6, 1, 5, 1, 27
49, 1, 10, 1, 1, 5, 7, 41
68, 2, 11, 5, 1, 9, 1, 21
35, 1, 10, 1, 1, 5, 1, 18
46, 1, 11, 1, 8, 5, 1, 29
45, 2, 6, 4, 8, 2, 4, 21
52, 1, 10, 6, 1, 5, 1, 31
78, 1, 14, 1, 1, 5, 1, 4
37, 2, 15, 4, 4, 2, 46, 0
32, 1, 11, 1, 1, 5, 35, 45
21, 1, 11, 1, 1, 5, 1, 40
48, 1, 12, 1, 1, 6, 1, 36
52, 1, 14, 1, 1, 6, 1, 2
44, 1, 10, 1, 1, 2, 1, 31
39, 2, 10, 4, 1, 2, 1, 21
52, 1, 15, 1, 1, 5, 1, 7
30, 1, 10, 1, 1, 5, 1, 41
51, 1, 10, 1, 2, 5, 1, 31
52, 2, 11, 4, 1, 5, 1, 0
61, 1, 14, 1, 1, 5, 1, 3
42, 1, 10, 1, 1, 5, 1, 31
66, 1, 14, 4, 1, 5, 1, 24
36, 2, 8, 6, 1, 5, 1, 21
51, 2, 10, 4, 2, 5, 1, 18
81, 1, 11, 1, 1, 5, 1, 45
28, 1, 8, 1, 1, 5, 1, 20
25, 2, 11, 6, 6, 5, 1, 24
65, 1, 8, 1, 1, 5, 1, 45
25, 2, 11, 6, 1, 5, 1, 18
49, 1, 10, 1, 1, 9, 1, 18
25, 1, 11, 6, 1, 5, 1, 23
30, 2, 11, 1, 2, 5, 1, 26
37, 1, 14, 1, 1, 5, 1, 14
54, 1, 14, 1, 1, 5, 1, 4
29, 1, 12, 1, 1, 9, 1, 17
54, 1, 11, 4, 1, 5, 1, 24
31, 1, 14, 1, 1, 5, 1, 40
62, 1, 10, 1, 1, 8, 1, 23
30, 1, 11, 1, 1, 5, 1, 13
37, 1, 15, 1, 1, 8, 1, 11
50, 1, 10, 6, 1, 5, 1, 48
42, 2, 16, 6, 7, 5, 7, 15
63, 1, 6, 6, 1, 5, 1, 40
22, 1, 9, 1, 2, 8, 1, 21
64, 1, 6, 1, 2, 5, 1, 32
36, 1, 4, 1, 1, 5, 3, 13
33, 1, 10, 1, 1, 5, 1, 14
66, 1, 1, 4, 1, 5, 1, 38
48, 1, 17, 1, 1, 5, 14, 0
46, 1, 11, 1, 1, 8, 1, 36
43, 1, 11, 1, 1, 5, 1, 31
70, 1, 10, 1, 1, 2, 1, 1
41, 1, 11, 1, 1, 5, 1, 2
48, 2, 14, 5, 1, 5, 1, 41
43, 1, 10, 6, 1, 8, 1, 30
38, 1, 11, 1, 1, 6, 1, 27
28, 2, 10, 1, 1, 5, 1, 27
43, 2, 14, 1, 1, 5, 1, 15
23, 2, 10, 6, 1, 5, 1, 48
41, 1, 11, 1, 1, 5, 1, 36
37, 2, 16, 6, 1, 5, 1, 15
48, 2, 11, 1, 7, 9, 3, 29
48, 1, 10, 1, 1, 5, 1, 48
52, 1, 10, 1, 1, 5, 1, 32
37, 1, 9, 4, 1, 5, 1, 48
55, 1, 11, 4, 8, 5, 1, 24
44, 1, 14, 1, 1, 2, 1, 6
46, 1, 15, 1, 6, 5, 59, 0
45, 1, 11, 1, 1, 5, 1, 1
39, 1, 12, 1, 1, 9, 1, 19
46, 1, 10, 1, 1, 5, 1, 31
34, 1, 11, 3, 1, 5, 1, 45
51, 1, 10, 1, 1, 5, 1, 43
34, 1, 14, 6, 1, 5, 1, 13
36, 1, 14, 6, 1, 5, 1, 16
39, 2, 15, 1, 1, 5, 1, 23
30, 1, 5, 1, 1, 5, 1, 31
37, 1, 12, 1, 1, 5, 1, 5
53, 1, 15, 1, 1, 9, 1, 1
33, 2, 10, 4, 2, 5, 1, 20
58, 1, 10, 1, 1, 5, 1, 36
34, 1, 11, 1, 1, 5, 1, 31
47, 1, 14, 1, 1, 5, 1, 2
54, 2, 15, 4, 1, 9, 1, 11
39, 2, 6, 6, 2, 5, 1, 20
36, 2, 11, 4, 2, 5, 1, 23
30, 1, 14, 6, 1, 5, 1, 15
45, 2, 11, 6, 2, 9, 1, 25
38, 1, 10, 3, 1, 5, 1, 20
61, 2, 11, 1, 1, 2, 1, 32
65, 1, 11, 1, 1, 9, 1, 2
67, 1, 9, 1, 1, 5, 1, 45
43, 2, 7, 6, 2, 5, 1, 38
57, 2, 10, 4, 1, 5, 1, 28
31, 2, 12, 3, 1, 5, 1, 15
36, 1, 5, 1, 1, 5, 1, 48
39, 1, 14, 6, 2, 5, 7, 3
40, 1, 8, 1, 1, 5, 1, 45
64, 1, 10, 1, 1, 2, 1, 31
36, 1, 8, 1, 1, 5, 1, 36
37, 1, 14, 1, 1, 5, 1, 15
32, 1, 15, 6, 1, 5, 1, 3
67, 1, 12, 1, 1, 2, 1, 20
40, 2, 14, 1, 1, 8, 1, 12
42, 2, 10, 4, 1, 5, 1, 23
48, 1, 10, 1, 1, 5, 1, 38
64, 2, 14, 4, 1, 2, 1, 2
42, 1, 11, 1, 1, 5, 1, 36
58, 1, 10, 1, 1, 5, 37, 23
60, 1, 11, 1, 1, 8, 1, 11
68, 1, 11, 4, 1, 5, 1, 23
47, 1, 14, 1, 1, 5, 1, 7
62, 1, 11, 1, 1, 9, 1, 31
39, 2, 10, 6, 2, 5, 1, 18
45, 2, 11, 4, 1, 5, 1, 39
54, 1, 10, 1, 1, 5, 1, 45
30, 2, 11, 6, 1, 5, 1, 18
30, 1, 10, 1, 1, 5, 1, 43
46, 1, 5, 1, 1, 5, 4, 35
73, 2, 10, 4, 1, 5, 1, 18
28, 1, 5, 1, 1, 5, 1, 48
43, 1, 14, 1, 6, 5, 59, 24
65, 1, 11, 1, 5, 5, 1, 20
27, 1, 9, 1, 1, 5, 4, 31
37, 2, 14, 1, 1, 5, 1, 13
48, 1, 6, 1, 1, 2, 1, 32
56, 1, 11, 1, 1, 5, 14, 36
19, 1, 10, 1, 1, 6, 1, 49
61, 1, 10, 4, 3, 9, 1, 31
35, 1, 14, 1, 1, 5, 1, 3
48, 1, 10, 1, 1, 5, 1, 31
30, 1, 14, 6, 1, 5, 1, 23
42, 2, 14, 6, 7, 9, 6, 11
27, 2, 11, 1, 2, 5, 1, 26
49, 1, 10, 6, 1, 2, 1, 45
44, 1, 11, 1, 7, 9, 1, 18
58, 2, 10, 4, 1, 5, 1, 21
36, 1, 12, 1, 1, 5, 1, 43
47, 1, 5, 1, 7, 5, 3, 42
49, 1, 11, 1, 1, 5, 1, 7
37, 2, 11, 1, 7, 5, 6, 21
48, 2, 8, 1, 2, 5, 1, 38
47, 1, 7, 6, 2, 5, 1, 45
83, 1, 5, 1, 1, 2, 1, 1
36, 1, 10, 1, 1, 5, 1, 2
38, 1, 11, 1, 1, 5, 1, 5
25, 2, 12, 1, 3, 5, 1, 18
32, 1, 11, 1, 2, 5, 1, 43
25, 2, 10, 1, 2, 5, 7, 17
64, 2, 11, 5, 1, 5, 1, 23
40, 2, 11, 4, 2, 9, 1, 26
37, 2, 12, 5, 1, 5, 1, 15
50, 1, 15, 1, 1, 5, 1, 5
54, 1, 15, 1, 1, 8, 1, 0
68, 1, 14, 1, 1, 8, 21, 11
42, 2, 14, 1, 1, 2, 1, 11
55, 2, 15, 4, 1, 5, 1, 23
67, 1, 12, 1, 1, 9, 1, 19
48, 2, 10, 4, 1, 5, 1, 28
45, 1, 10, 4, 7, 9, 1, 19
53, 1, 17, 2, 7, 5, 3, 39
33, 1, 10, 4, 8, 5, 1, 36
45, 1, 10, 4, 2, 2, 1, 1
48, 1, 5, 2, 7, 5, 3, 21
53, 2, 14, 1, 1, 5, 1, 28
47, 1, 14, 1, 1, 9, 1, 19
60, 1, 10, 1, 1, 5, 1, 45
41, 1, 10, 4, 1, 5, 1, 44
46, 2, 14, 4, 1, 9, 1, 11
57, 1, 11, 1, 1, 5, 1, 23
38, 2, 10, 6, 1, 5, 1, 21
33, 1, 16, 6, 1, 5, 1, 4
28, 1, 12, 1, 1, 5, 1, 0
37, 1, 9, 6, 1, 2, 1, 23
26, 1, 14, 1, 1, 5, 1, 26
67, 1, 10, 1, 1, 2, 1, 36
40, 1, 11, 1, 1, 5, 1, 36
34, 1, 11, 1, 1, 5, 1, 19
72, 1, 5, 1, 1, 2, 26, 23
36, 1, 14, 6, 1, 5, 1, 11
69, 2, 11, 4, 1, 8, 1, 15
40, 1, 15, 1, 1, 8, 1, 11
39, 1, 11, 1, 1, 5, 70, 25
38, 1, 8, 1, 1, 5, 1, 38
33, 2, 15, 2, 2, 5, 81, 28
39, 2, 14, 2, 1, 8, 1, 11
54, 1, 15, 1, 1, 5, 35, 4
46, 1, 10, 1, 1, 5, 1, 31
74, 1, 10, 1, 1, 2, 1, 11
46, 2, 12, 3, 1, 5, 1, 4
25, 1, 9, 6, 1, 5, 3, 23
76, 1, 15, 1, 6, 5, 1, 0
45, 1, 10, 1, 1, 5, 1, 45
42, 1, 8, 6, 7, 5, 1, 48
37, 2, 11, 6, 3, 9, 1, 2
31, 1, 14, 6, 1, 5, 1, 0
23, 2, 7, 6, 2, 5, 1, 20
32, 1, 6, 1, 1, 5, 1, 45
30, 1, 11, 1, 1, 5, 1, 38
35, 2, 15, 1, 1, 8, 1, 11
33, 2, 8, 6, 2, 5, 1, 24
32, 2, 14, 6, 1, 5, 39, 4
30, 2, 14, 6, 1, 5, 1, 5
53, 1, 11, 4, 1, 5, 1, 45
51, 1, 15, 1, 7, 6, 1, 49
39, 2, 14, 4, 1, 9, 1, 10
33, 1, 9, 1, 4, 3, 50, 41
28, 1, 10, 1, 1, 2, 1, 40
77, 1, 10, 1, 1, 5, 1, 24
43, 1, 10, 1, 2, 8, 1, 45
45, 2, 12, 4, 1, 3, 1, 43
41, 2, 11, 1, 1, 5, 1, 25
49, 1, 16, 1, 7, 9, 7, 10
52, 1, 12, 1, 1, 5, 1, 46
38, 1, 14, 1, 1, 5, 1, 1
43, 2, 10, 6, 1, 5, 1, 21
42, 1, 6, 1, 1, 5, 3, 40
59, 1, 16, 1, 1, 5, 1, 10
47, 1, 11, 1, 1, 5, 1, 24
35, 1, 10, 1, 1, 5, 1, 40
46, 2, 11, 4, 1, 5, 1, 29
53, 1, 12, 1, 1, 5, 1, 5
63, 1, 11, 1, 1, 5, 1, 0
58, 1, 5, 1, 2, 5, 1, 39
38, 1, 10, 1, 1, 5, 1, 5
67, 1, 14, 5, 1, 9, 1, 23
50, 1, 6, 1, 7, 5, 4, 45
60, 1, 11, 1, 1, 6, 1, 27
45, 1, 10, 1, 1, 5, 1, 45
52, 1, 10, 1, 1, 5, 1, 45
28, 1, 10, 1, 1, 5, 1, 7
65, 1, 11, 1, 1, 5, 1, 0
45, 1, 12, 1, 1, 9, 1, 48
32, 1, 9, 3, 1, 5, 1, 35
46, 1, 14, 1, 1, 2, 1, 1
31, 1, 10, 1, 1, 5, 1, 35
38, 2, 10, 3, 2, 5, 1, 48
36, 1, 11, 1, 1, 5, 1, 35
42, 1, 14, 1, 1, 5, 1, 1
21, 1, 8, 6, 1, 5, 1, 29
59, 2, 14, 5, 2, 5, 1, 13
30, 1, 11, 1, 2, 6, 1, 25
64, 1, 11, 1, 1, 9, 1, 26
66, 1, 7, 1, 2, 9, 1, 45
60, 2, 10, 6, 1, 5, 1, 18
41, 1, 10, 1, 7, 5, 3, 23
27, 2, 14, 6, 2, 5, 1, 23
59, 1, 15, 6, 1, 5, 1, 28
31, 1, 10, 6, 2, 5, 1, 13
43, 2, 14, 5, 1, 5, 1, 0
45, 1, 5, 1, 7, 5, 3, 45
71, 2, 10, 1, 2, 5, 1, 23
25, 1, 14, 6, 1, 8, 1, 11
29, 1, 10, 6, 2, 9, 1, 48
30, 1, 10, 1, 1, 5, 1, 23
26, 2, 11, 1, 1, 6, 1, 35
63, 1, 10, 1, 1, 5, 1, 40
29, 1, 15, 1, 6, 5, 59, 5
31, 2, 12, 6, 7, 5, 1, 1
45, 1, 8, 1, 1, 5, 1, 40
65, 1, 5, 1, 1, 8, 25, 21
52, 1, 10, 1, 1, 5, 1, 41
58, 2, 11, 4, 1, 5, 1, 25
46, 1, 12, 1, 1, 5, 1, 14
25, 1, 14, 1, 1, 5, 1, 40
46, 2, 7, 1, 7, 5, 3, 21
34, 2, 12, 3, 1, 5, 1, 24
40, 1, 11, 6, 1, 9, 1, 19
32, 2, 10, 1, 1, 9, 1, 28
30, 2, 17, 6, 1, 5, 67, 8
34, 1, 11, 6, 1, 5, 1, 6
44, 2, 16, 6, 1, 5, 1, 15
45, 1, 10, 1, 1, 9, 1, 31
36, 1, 11, 6, 1, 5, 1, 0
27, 1, 5, 1, 7, 5, 3, 38
51, 1, 14, 1, 2, 5, 1, 23
43, 2, 15, 3, 1, 5, 1, 15
50, 1, 10, 1, 1, 2, 1, 31
49, 1, 11, 1, 1, 5, 1, 43
68, 2, 7, 5, 2, 5, 1, 11
40, 1, 11, 3, 8, 5, 4, 1
27, 1, 11, 1, 1, 5, 1, 35
27, 1, 14, 1, 1, 5, 1, 7
37, 1, 1, 1, 7, 5, 3, 21
55, 1, 11, 1, 1, 5, 1, 44
68, 1, 10, 1, 1, 2, 1, 23
49, 2, 12, 5, 2, 5, 1, 41
47, 1, 17, 1, 1, 8, 1, 11
41, 1, 15, 4, 1, 9, 1, 45
49, 1, 11, 1, 2, 5, 6, 4
54, 2, 12, 4, 1, 5, 1, 29
52, 1, 11, 4, 1, 2, 1, 31
81, 1, 10, 1, 5, 5, 47, 39
52, 1, 11, 6, 1, 5, 1, 26
53, 2, 11, 4, 1, 5, 1, 26
52, 1, 7, 6, 2, 5, 1, 31
41, 1, 15, 1, 1, 5, 1, 11
45, 1, 5, 4, 1, 5, 3, 31
55, 1, 14, 1, 1, 5, 1, 1
45, 1, 14, 1, 1, 5, 1, 5
50, 2, 11, 6, 1, 3, 1, 1
32, 2, 10, 4, 1, 5, 1, 41
72, 2, 5, 5, 1, 5, 1, 23
35, 1, 14, 1, 4, 9, 46, 6
49, 1, 9, 1, 7, 5, 3, 32
49, 1, 7, 1, 1, 5, 1, 45
51, 1, 11, 1, 1, 5, 1, 10
42, 2, 15, 3, 1, 5, 1, 10
58, 1, 8, 1, 1, 5, 1, 45
66, 1, 10, 1, 1, 2, 1, 1
66, 1, 9, 1, 1, 5, 35, 36
28, 1, 9, 1, 7, 5, 3, 20
34, 2, 16, 4, 7, 5, 1, 15
39, 1, 14, 1, 1, 5, 1, 7
66, 1, 11, 1, 1, 3, 1, 4
57, 1, 10, 1, 1, 3, 1, 2
29, 1, 12, 4, 1, 5, 1, 23
38, 1, 10, 1, 6, 5, 1, 36
44, 2, 11, 2, 2, 5, 1, 25
35, 1, 14, 4, 1, 5, 1, 0
59, 2, 11, 5, 1, 3, 1, 22
32, 2, 11, 6, 1, 5, 1, 0
49, 2, 10, 1, 1, 5, 1, 29
37, 1, 10, 1, 1, 9, 1, 31
40, 2, 12, 4, 1, 5, 1, 15
56, 1, 11, 4, 1, 5, 1, 38
42, 2, 10, 1, 1, 5, 1, 20
27, 1, 12, 6, 1, 5, 1, 31
37, 1, 10, 1, 1, 5, 1, 27
39, 2, 12, 4, 1, 5, 1, 44
50, 2, 12, 1, 1, 5, 1, 15
34, 2, 12, 3, 2, 5, 1, 40
47, 2, 10, 4, 1, 5, 1, 23
29, 2, 11, 6, 1, 5, 1, 2
40, 1, 15, 1, 1, 6, 1, 35
35, 1, 11, 5, 2, 5, 1, 38
30, 1, 11, 6, 2, 9, 1, 18
24, 1, 11, 6, 2, 5, 1, 27
50, 2, 10, 4, 1, 5, 1, 18
39, 1, 11, 1, 1, 5, 1, 43
30, 2, 12, 6, 2, 5, 1, 15
28, 2, 12, 1, 2, 8, 1, 18
50, 1, 11, 1, 1, 5, 1, 31
62, 1, 17, 1, 1, 9, 1, 11
54, 1, 11, 1, 1, 5, 1, 38
42, 1, 10, 4, 1, 8, 1, 21
46, 1, 10, 6, 1, 5, 1, 45
35, 2, 14, 6, 8, 8, 6, 11
45, 2, 11, 4, 2, 5, 1, 18
82, 2, 9, 4, 1, 2, 1, 21
48, 1, 14, 1, 1, 3, 1, 4
58, 1, 10, 1, 1, 3, 1, 23
37, 1, 8, 4, 1, 5, 1, 36
35, 1, 14, 4, 1, 5, 12, 24
33, 1, 9, 1, 7, 3, 3, 36
53, 1, 14, 1, 6, 5, 54, 23
47, 2, 14, 4, 1, 5, 1, 11
71, 1, 15, 1, 1, 2, 1, 0
57, 1, 9, 1, 2, 5, 6, 36
64, 2, 12, 4, 1, 3, 1, 25
73, 1, 17, 1, 1, 3, 1, 8
51, 1, 11, 1, 1, 9, 1, 18
71, 1, 5, 1, 1, 2, 1, 21
34, 2, 11, 6, 1, 5, 14, 10
55, 1, 14, 1, 1, 3, 1, 4
61, 1, 14, 1, 1, 8, 1, 10
54, 1, 11, 1, 1, 5, 1, 0
22, 1, 10, 6, 7, 5, 3, 45
74, 2, 14, 5, 1, 5, 1, 24
33, 1, 11, 1, 1, 2, 1, 31
58, 1, 10, 1, 1, 9, 1, 36
40, 1, 14, 4, 1, 5, 1, 4
52, 1, 10, 1, 1, 3, 7, 0
55, 1, 10, 4, 1, 5, 1, 38
42, 1, 14, 6, 1, 2, 1, 24
43, 1, 14, 1, 1, 2, 1, 1
28, 1, 10, 1, 1, 2, 1, 44
45, 1, 10, 1, 1, 9, 1, 33
45, 1, 11, 1, 8, 5, 1, 23
39, 2, 10, 1, 1, 5, 1, 21
53, 1, 10, 1, 1, 5, 1, 36
24, 1, 6, 1, 1, 5, 1, 33
45, 1, 11, 1, 1, 5, 1, 24
30, 1, 10, 6, 1, 5, 1, 28
39, 1, 10, 6, 1, 5, 7, 46
41, 2, 12, 4, 2, 5, 1, 10
42, 1, 10, 1, 1, 5, 1, 31
49, 2, 10, 4, 1, 8, 1, 2
36, 1, 10, 1, 7, 9, 1, 31
27, 1, 10, 1, 1, 5, 1, 48
42, 1, 12, 1, 7, 5, 1, 36
39, 1, 10, 1, 1, 5, 1, 45
48, 1, 8, 1, 7, 5, 1, 34
33, 1, 9, 1, 1, 5, 1, 39
51, 2, 10, 5, 1, 5, 1, 48
44, 1, 15, 1, 4, 5, 46, 0
34, 1, 15, 1, 1, 9, 1, 11
35, 1, 14, 1, 1, 6, 1, 48
33, 2, 12, 4, 2, 5, 1, 29
56, 2, 16, 4, 1, 5, 1, 15
28, 1, 14, 1, 2, 5, 1, 15
41, 2, 12, 3, 1, 5, 1, 15
30, 2, 10, 4, 8, 5, 14, 23
45, 1, 10, 6, 1, 5, 1, 27
37, 2, 7, 1, 1, 5, 6, 27
28, 1, 15, 1, 1, 5, 1, 17
27, 2, 10, 6, 1, 5, 1, 28
43, 1, 14, 1, 1, 5, 1, 24
53, 1, 10, 3, 1, 5, 1, 30
42, 1, 11, 1, 1, 5, 1, 45
73, 2, 11, 5, 1, 5, 1, 24
29, 2, 14, 6, 1, 8, 35, 8
27, 1, 14, 6, 8, 5, 1, 45
37, 1, 11, 6, 1, 5, 1, 0
30, 2, 16, 6, 1, 5, 1, 17
55, 2, 10, 1, 1, 5, 1, 4
42, 2, 11, 1, 1, 5, 2, 4
56, 2, 14, 4, 1, 5, 1, 28
55, 2, 12, 4, 1, 5, 1, 2
53, 1, 14, 1, 1, 5, 1, 0
31, 1, 7, 1, 6, 5, 57, 41
47, 2, 15, 4, 1, 8, 1, 3
41, 2, 5, 2, 2, 5, 1, 48
35, 1, 11, 1, 1, 5, 1, 0
32, 2, 14, 1, 1, 5, 1, 15
28, 1, 17, 6, 5, 8, 7, 1
39, 2, 8, 4, 1, 10, 1, 28
42, 1, 14, 4, 1, 5, 1, 31
67, 2, 12, 5, 1, 5, 1, 11
45, 1, 14, 4, 1, 3, 1, 23
71, 2, 17, 4, 1, 8, 1, 11
33, 1, 15, 1, 1, 5, 1, 5
50, 1, 11, 1, 1, 9, 1, 10
59, 1, 10, 1, 1, 5, 1, 36
62, 2, 11, 4, 1, 5, 1, 25
30, 1, 11, 6, 1, 5, 1, 31
74, 1, 16, 1, 1, 2, 1, 14
32, 1, 11, 1, 1, 5, 1, 43
57, 1, 15, 1, 1, 6, 1, 25
52, 1, 11, 1, 1, 9, 1, 5
37, 1, 10, 1, 2, 5, 1, 48
69, 2, 8, 5, 2, 8, 1, 21
60, 2, 12, 5, 1, 9, 1, 29
35, 1, 10, 1, 6, 5, 52, 23
33, 1, 14, 6, 1, 9, 1, 33
51, 1, 5, 1, 8, 5, 4, 21
43, 2, 10, 4, 1, 5, 1, 26
48, 1, 10, 1, 1, 5, 1, 44
42, 1, 10, 1, 1, 9, 1, 35
33, 1, 10, 1, 2, 5, 1, 1
41, 1, 10, 6, 1, 5, 1, 19
46, 1, 11, 1, 1, 5, 1, 45
37, 1, 5, 1, 1, 5, 7, 31
54, 1, 10, 1, 1, 5, 1, 31
46, 1, 12, 1, 1, 2, 1, 36
59, 1, 15, 1, 1, 5, 1, 10
25, 1, 11, 1, 1, 5, 1, 36
26, 2, 10, 1, 1, 5, 1, 26
57, 2, 11, 4, 1, 5, 1, 27
26, 2, 10, 6, 1, 5, 1, 20
73, 1, 6, 6, 1, 5, 1, 31
28, 1, 10, 1, 7, 5, 3, 41
37, 1, 6, 1, 1, 5, 1, 35
52, 1, 15, 1, 1, 5, 1, 10
54, 1, 10, 1, 1, 5, 1, 45
46, 1, 12, 1, 2, 5, 1, 35
29, 2, 14, 6, 1, 9, 1, 11
52, 1, 10, 1, 1, 5, 3, 45
52, 1, 14, 1, 2, 2, 1, 4
57, 1, 7, 3, 1, 5, 1, 21
52, 1, 14, 1, 1, 6, 1, 25
25, 1, 10, 1, 1, 5, 1, 44
52, 2, 11, 1, 1, 3, 1, 39
48, 2, 14, 1, 1, 9, 1, 11
37, 1, 15, 1, 1, 5, 1, 4
48, 1, 14, 1, 1, 5, 1, 0
43, 2, 11, 4, 1, 5, 1, 25
36, 1, 10, 1, 1, 9, 3, 36
33, 2, 4, 6, 6, 10, 57, 44
21, 2, 11, 6, 2, 5, 1, 23
40, 1, 12, 4, 1, 5, 1, 21
39, 1, 14, 1, 1, 5, 1, 0
66, 1, 16, 1, 1, 5, 1, 10
22, 1, 10, 1, 1, 5, 1, 31
31, 1, 11, 1, 1, 5, 1, 31
62, 2, 11, 1, 1, 5, 1, 0
36, 1, 14, 1, 1, 5, 14, 11
26, 1, 15, 6, 1, 8, 1, 11
47, 1, 14, 1, 6, 5, 54, 5
36, 2, 14, 1, 1, 2, 1, 3
60, 1, 12, 1, 1, 5, 1, 29
64, 2, 12, 4, 1, 8, 1, 11
31, 1, 15, 1, 1, 5, 38, 6
24, 2, 5, 1, 1, 5, 4, 21
55, 2, 11, 6, 1, 5, 1, 27
53, 1, 10, 1, 1, 5, 1, 35
60, 1, 16, 1, 1, 2, 1, 8
27, 1, 10, 1, 1, 5, 1, 41
33, 1, 14, 1, 1, 5, 1, 4
35, 1, 11, 1, 2, 5, 4, 24
51, 1, 16, 1, 1, 2, 1, 10
40, 1, 9, 1, 2, 5, 1, 40
56, 2, 12, 5, 1, 5, 1, 15
36, 1, 10, 1, 1, 5, 1, 31
43, 1, 11, 1, 1, 5, 1, 37
30, 1, 10, 1, 1, 5, 1, 32
52, 1, 15, 1, 6, 5, 59, 0
45, 1, 11, 1, 1, 5, 1, 24
66, 1, 9, 4, 2, 5, 1, 41
51, 1, 11, 6, 1, 5, 47, 23
36, 1, 8, 4, 2, 5, 1, 32
60, 1, 10, 1, 1, 5, 1, 40
69, 1, 11, 1, 1, 5, 1, 21
40, 1, 10, 1, 1, 5, 1, 31
56, 1, 11, 1, 1, 6, 1, 10
53, 2, 7, 4, 1, 5, 1, 18
32, 1, 10, 1, 1, 9, 1, 19
30, 1, 11, 6, 2, 5, 1, 36
38, 1, 14, 6, 1, 8, 1, 10
55, 2, 10, 5, 1, 5, 1, 38
69, 2, 10, 5, 1, 8, 1, 29
45, 1, 10, 1, 1, 3, 1, 40
51, 1, 16, 1, 1, 5, 1, 15
37, 2, 14, 4, 1, 5, 1, 15
37, 1, 10, 1, 7, 5, 1, 36
30, 2, 11, 4, 9, 5, 1, 18
32, 1, 11, 1, 7, 5, 1, 13
36, 1, 6, 1, 1, 6, 1, 35
46, 2, 11, 4, 1, 5, 1, 24
39, 1, 14, 1, 1, 5, 1, 6
29, 2, 11, 1, 1, 5, 1, 20
53, 1, 11, 4, 1, 5, 1, 48
47, 1, 15, 1, 7, 5, 1, 14
54, 1, 10, 4, 1, 5, 1, 40
64, 1, 10, 1, 1, 3, 1, 0
49, 1, 11, 1, 1, 2, 1, 1
71, 2, 14, 5, 1, 5, 7, 23
47, 1, 11, 5, 1, 6, 1, 4
62, 1, 11, 1, 1, 5, 1, 23
66, 1, 12, 5, 1, 5, 1, 10
47, 1, 11, 1, 1, 6, 1, 27
53, 1, 10, 4, 1, 5, 1, 36
37, 2, 10, 1, 1, 2, 1, 26
67, 1, 14, 1, 1, 5, 1, 38
48, 1, 11, 4, 1, 5, 1, 4
50, 1, 11, 1, 2, 6, 1, 39
52, 2, 12, 4, 1, 5, 1, 0
29, 1, 11, 1, 1, 5, 1, 23
57, 1, 17, 1, 1, 9, 1, 11
28, 2, 5, 1, 3, 5, 4, 24
39, 1, 14, 2, 1, 5, 1, 2
39, 2, 10, 4, 1, 5, 1, 28
59, 2, 10, 4, 1, 5, 1, 44
68, 1, 1, 4, 7, 5, 3, 31
59, 1, 10, 1, 1, 3, 1, 1
33, 2, 11, 1, 1, 9, 1, 28
46, 1, 11, 1, 1, 8, 1, 10
35, 1, 5, 1, 1, 2, 1, 24
38, 1, 7, 1, 1, 9, 1, 31
64, 2, 10, 5, 1, 10, 1, 23
59, 1, 15, 1, 1, 9, 1, 2
45, 1, 10, 1, 1, 2, 1, 32
59, 1, 11, 4, 1, 3, 1, 1
41, 1, 11, 1, 1, 5, 1, 36
51, 1, 10, 1, 8, 5, 1, 45
42, 1, 14, 1, 1, 5, 1, 24
52, 1, 10, 1, 1, 2, 1, 21
54, 1, 10, 1, 8, 5, 7, 38
27, 1, 11, 4, 3, 5, 1, 23
52, 1, 10, 1, 3, 2, 1, 32
30, 1, 16, 1, 1, 3, 1, 15
46, 1, 11, 1, 1, 5, 1, 7
40, 1, 11, 1, 1, 3, 1, 38
30, 2, 11, 4, 7, 5, 1, 10
42, 1, 12, 1, 1, 5, 1, 24
30, 1, 7, 1, 1, 5, 1, 43
36, 2, 11, 6, 1, 5, 1, 20
36, 2, 15, 1, 1, 8, 1, 15
30, 1, 12, 1, 1, 5, 1, 44
44, 2, 10, 4, 1, 5, 1, 43
41, 2, 12, 1, 1, 5, 1, 15
62, 2, 11, 4, 1, 9, 1, 25
24, 2, 14, 6, 1, 6, 1, 29
44, 1, 11, 1, 1, 5, 1, 36
73, 2, 5, 3, 2, 5, 1, 23
42, 1, 10, 1, 1, 2, 1, 32
23, 2, 11, 6, 1, 5, 1, 18
34, 1, 10, 6, 1, 5, 1, 25
33, 1, 12, 1, 1, 5, 1, 5
22, 1, 8, 3, 1, 5, 1, 20
38, 1, 10, 3, 1, 5, 1, 42
38, 1, 14, 1, 1, 5, 1, 9
60, 1, 8, 4, 1, 5, 1, 44
34, 1, 11, 1, 1, 5, 1, 32
32, 2, 12, 1, 1, 8, 45, 26
55, 1, 15, 1, 1, 5, 1, 0
39, 2, 12, 4, 1, 5, 1, 15
24, 2, 11, 6, 1, 5, 1, 20
63, 1, 10, 1, 1, 5, 1, 36
37, 1, 14, 1, 7, 5, 1, 1
21, 1, 9, 1, 1, 5, 1, 45
48, 2, 7, 4, 1, 5, 1, 20
66, 2, 11, 5, 1, 9, 1, 10
34, 1, 5, 1, 7, 5, 3, 28
60, 1, 9, 1, 2, 5, 1, 45
37, 1, 11, 4, 1, 5, 1, 37
47, 1, 14, 1, 1, 9, 1, 2
32, 2, 14, 6, 1, 6, 7, 4
34, 2, 12, 6, 6, 5, 57, 7
23, 1, 11, 6, 1, 5, 1, 48
43, 2, 12, 1, 1, 5, 1, 20
38, 1, 10, 1, 1, 3, 1, 45
44, 1, 14, 1, 1, 5, 1, 0
58, 2, 10, 5, 1, 5, 1, 20
22, 2, 11, 6, 8, 5, 1, 2
48, 1, 12, 1, 1, 3, 1, 0
29, 2, 12, 6, 1, 5, 35, 23
26, 1, 10, 1, 1, 5, 1, 36
43, 1, 14, 1, 1, 5, 1, 31
25, 1, 10, 1, 1, 5, 1, 28
24, 1, 7, 6, 1, 5, 1, 21
59, 2, 11, 3, 2, 5, 1, 24
63, 1, 14, 1, 2, 9, 1, 2
33, 1, 7, 1, 1, 5, 1, 32
38, 1, 11, 1, 2, 9, 1, 19
61, 1, 14, 1, 1, 6, 1, 7
25, 1, 14, 6, 1, 5, 1, 4
45, 1, 11, 4, 1, 5, 1, 24
38, 1, 10, 4, 1, 5, 1, 31
25, 1, 14, 1, 1, 8, 1, 11
38, 1, 14, 6, 1, 10, 1, 23
61, 1, 14, 1, 1, 2, 1, 2
52, 1, 11, 1, 1, 5, 45, 18
31, 1, 12, 1, 1, 5, 1, 36
59, 1, 14, 5, 1, 5, 1, 21
42, 1, 14, 1, 1, 5, 1, 7
31, 2, 5, 3, 2, 5, 1, 21
43, 2, 14, 4, 1, 5, 1, 24
41, 2, 10, 6, 2, 5, 1, 44
55, 1, 11, 1, 1, 5, 1, 28
40, 1, 10, 1, 1, 5, 1, 31
27, 1, 14, 6, 1, 9, 1, 11
55, 1, 11, 1, 1, 5, 1, 36
27, 2, 11, 1, 1, 5, 1, 25
45, 2, 14, 4, 1, 6, 1, 27
53, 1, 15, 1, 1, 9, 1, 10
43, 1, 16, 1, 1, 5, 1, 10
38, 1, 11, 1, 1, 5, 1, 38
44, 1, 15, 2, 6, 5, 59, 5
30, 1, 9, 1, 1, 3, 1, 48
53, 1, 14, 1, 1, 5, 1, 24
41, 1, 14, 1, 1, 5, 1, 7
48, 1, 10, 1, 1, 9, 1, 27
30, 1, 11, 6, 1, 5, 1, 23
48, 1, 5, 1, 2, 2, 1, 45
30, 2, 12, 6, 1, 5, 1, 25
70, 1, 11, 1, 1, 6, 1, 5
41, 1, 10, 1, 1, 5, 1, 0
39, 2, 9, 6, 2, 5, 1, 43
52, 1, 5, 1, 1, 5, 1, 34
63, 2, 14, 1, 1, 5, 1, 15
52, 1, 15, 1, 1, 9, 1, 2
75, 1, 4, 5, 2, 8, 1, 12
63, 2, 10, 4, 1, 6, 1, 20
30, 1, 9, 1, 7, 5, 3, 0
34, 1, 11, 4, 1, 2, 1, 22
52, 1, 14, 1, 2, 5, 1, 2
48, 1, 15, 5, 1, 6, 1, 4
45, 1, 10, 3, 1, 9, 1, 48
51, 1, 5, 1, 7, 5, 1, 31
38, 1, 16, 1, 1, 3, 1, 15
49, 1, 15, 4, 1, 2, 1, 30
55, 2, 11, 3, 1, 5, 1, 25
24, 2, 11, 6, 1, 5, 1, 25
43, 1, 14, 1, 1, 5, 1, 0
34, 2, 15, 6, 1, 5, 35, 0
47, 1, 14, 1, 1, 5, 1, 23
83, 1, 15, 1, 1, 5, 1, 22
71, 1, 7, 1, 1, 6, 2, 43
22, 2, 10, 6, 1, 5, 1, 48
63, 2, 11, 6, 7, 8, 1, 12
51, 2, 11, 6, 1, 5, 1, 16
81, 2, 10, 4, 1, 5, 1, 28
70, 1, 10, 1, 1, 2, 1, 23
39, 2, 5, 4, 1, 5, 4, 43
42, 1, 14, 4, 1, 8, 1, 2
62, 1, 11, 1, 1, 3, 5, 24
27, 1, 14, 6, 1, 5, 1, 37
25, 1, 10, 6, 1, 5, 1, 43
39, 1, 12, 1, 1, 5, 1, 0
47, 1, 5, 1, 2, 5, 1, 31
28, 1, 14, 1, 1, 5, 1, 2
23, 1, 14, 6, 1, 5, 1, 20
47, 2, 15, 6, 1, 2, 1, 13
58, 1, 14, 1, 1, 5, 1, 7
45, 2, 10, 4, 2, 5, 1, 21
68, 1, 6, 1, 1, 2, 1, 30
22, 2, 11, 6, 1, 5, 1, 20
43, 1, 10, 6, 1, 2, 1, 31
35, 1, 7, 1, 1, 5, 1, 36
41, 1, 10, 1, 1, 5, 1, 0
50, 2, 14, 1, 1, 5, 1, 15
52, 1, 10, 1, 1, 5, 1, 21
48, 2, 10, 5, 2, 5, 1, 18
35, 1, 11, 4, 8, 6, 6, 19
49, 2, 10, 4, 1, 9, 1, 26
48, 2, 11, 3, 1, 6, 1, 29
48, 1, 10, 1, 1, 5, 1, 38
22, 2, 11, 3, 2, 9, 1, 28
50, 1, 14, 4, 1, 5, 1, 25
57, 2, 10, 5, 6, 5, 57, 38
43, 2, 14, 1, 1, 5, 1, 0
70, 1, 17, 5, 1, 5, 1, 22
38, 1, 14, 4, 1, 5, 1, 28
43, 2, 14, 4, 1, 5, 1, 16
18, 2, 10, 6, 1, 5, 1, 27
41, 1, 1, 1, 7, 5, 3, 21
25, 1, 5, 1, 1, 5, 1, 38
51, 1, 11, 4, 1, 2, 1, 26
20, 1, 11, 6, 1, 5, 1, 20
37, 1, 14, 1, 1, 5, 1, 4
41, 1, 10, 4, 8, 9, 1, 45
29, 1, 12, 1, 1, 9, 1, 19
38, 1, 11, 1, 2, 5, 1, 45
43, 2, 11, 4, 1, 5, 1, 25
23, 2, 8, 6, 2, 5, 1, 41
58, 1, 10, 4, 8, 5, 1, 27
46, 2, 15, 6, 1, 9, 1, 11
20, 2, 9, 6, 2, 5, 1, 18
51, 1, 14, 1, 1, 5, 1, 5
24, 2, 10, 6, 1, 5, 1, 27
58, 1, 11, 1, 1, 5, 1, 35
53, 1, 15, 1, 1, 6, 1, 19
52, 1, 10, 6, 1, 5, 1, 40
60, 1, 7, 1, 1, 5, 1, 36
29, 1, 15, 1, 1, 8, 1, 8
28, 1, 14, 1, 1, 5, 1, 23
44, 2, 10, 6, 2, 5, 1, 23
45, 1, 12, 1, 1, 5, 1, 21
50, 1, 10, 4, 1, 6, 1, 27
26, 2, 6, 6, 7, 9, 1, 1
58, 2, 6, 5, 1, 5, 1, 25
34, 1, 10, 6, 3, 5, 1, 31
80, 2, 11, 5, 1, 5, 1, 23
58, 1, 15, 1, 6, 5, 57, 4
46, 1, 14, 1, 1, 5, 1, 4
37, 2, 14, 6, 1, 9, 1, 11
35, 1, 15, 1, 1, 5, 1, 37
28, 2, 9, 3, 2, 5, 1, 20
69, 1, 9, 1, 1, 5, 1, 21
54, 1, 10, 1, 1, 9, 1, 18
32, 1, 11, 6, 2, 5, 1, 5
30, 1, 12, 4, 1, 5, 1, 28
48, 1, 10, 6, 1, 3, 1, 22
26, 2, 10, 6, 2, 5, 1, 10
29, 2, 11, 1, 1, 9, 1, 19
61, 1, 14, 1, 1, 2, 1, 21
47, 2, 11, 3, 1, 5, 1, 28
25, 2, 10, 6, 2, 5, 1, 22
26, 2, 10, 6, 1, 5, 1, 44
53, 1, 15, 4, 2, 8, 1, 1
51, 2, 11, 1, 1, 5, 1, 2
40, 1, 9, 1, 2, 2, 6, 31
34, 1, 15, 1, 1, 5, 2, 7
35, 1, 10, 1, 7, 5, 1, 38
41, 2, 16, 4, 1, 5, 1, 10
49, 1, 11, 4, 1, 2, 1, 23
38, 1, 14, 1, 1, 5, 1, 0
68, 1, 10, 1, 1, 5, 1, 21
54, 1, 11, 1, 1, 5, 1, 43
36, 1, 12, 4, 1, 5, 1, 36
47, 2, 11, 4, 1, 5, 1, 24
38, 1, 11, 1, 1, 5, 1, 36
79, 1, 5, 5, 1, 5, 1, 32
48, 1, 12, 1, 1, 9, 1, 9
45, 1, 10, 1, 1, 5, 1, 48
25, 1, 14, 6, 1, 5, 1, 10
39, 2, 10, 1, 1, 5, 1, 18
44, 2, 14, 4, 1, 9, 1, 11
17, 2, 7, 6, 8, 5, 1, 18
40, 1, 10, 1, 1, 5, 1, 23
45, 1, 10, 1, 1, 5, 1, 43
57, 1, 14, 1, 1, 6, 1, 48
81, 2, 8, 5, 1, 9, 1, 12
51, 1, 11, 1, 2, 5, 1, 20
43, 1, 11, 1, 1, 5, 1, 35
56, 1, 11, 1, 1, 5, 1, 0
36, 1, 16, 1, 1, 3, 1, 15
51, 1, 11, 1, 1, 5, 1, 12
49, 1, 7, 1, 1, 3, 1, 31
25, 1, 11, 4, 1, 5, 1, 40
75, 1, 10, 1, 1, 2, 1, 1
68, 2, 11, 5, 1, 10, 34, 21
37, 2, 15, 1, 4, 5, 1, 6
32, 2, 14, 6, 1, 5, 1, 0
27, 2, 12, 4, 1, 8, 1, 29
22, 1, 11, 1, 1, 5, 1, 35
68, 2, 11, 1, 3, 2, 1, 24
51, 1, 12, 2, 2, 3, 1, 24
49, 1, 6, 1, 6, 2, 57, 45
65, 2, 7, 5, 2, 5, 1, 23
72, 1, 4, 1, 1, 2, 1, 31
64, 1, 11, 1, 1, 5, 1, 27
26, 1, 11, 1, 1, 5, 1, 25
25, 1, 14, 1, 1, 5, 1, 0
40, 1, 10, 6, 1, 5, 14, 38
32, 2, 16, 6, 1, 2, 1, 15
64, 1, 15, 1, 1, 5, 1, 0
40, 2, 11, 6, 1, 5, 1, 23
29, 1, 11, 1, 1, 9, 1, 17
52, 1, 12, 1, 1, 9, 1, 18
80, 2, 10, 5, 1, 5, 1, 25
29, 1, 12, 1, 1, 5, 1, 5
58, 2, 14, 4, 2, 9, 1, 11
49, 1, 11, 6, 1, 5, 1, 37
56, 1, 11, 1, 1, 5, 1, 28
29, 2, 14, 6, 2, 5, 6, 0
54, 1, 11, 1, 1, 9, 1, 36
50, 1, 10, 1, 1, 5, 1, 40
51, 2, 16, 1, 1, 2, 1, 10
52, 2, 10, 4, 1, 3, 1, 23
54, 1, 11, 1, 1, 5, 1, 28
72, 1, 10, 1, 1, 5, 1, 40
47, 1, 11, 1, 1, 5, 1, 40
49, 1, 15, 1, 1, 5, 1, 1
38, 2, 11, 4, 1, 5, 1, 25
52, 2, 10, 6, 1, 5, 1, 25
40, 1, 11, 1, 6, 8, 54, 19
38, 1, 11, 1, 1, 2, 1, 36
36, 1, 6, 1, 1, 5, 1, 0
46, 2, 10, 3, 2, 5, 1, 48
66, 2, 11, 5, 1, 5, 1, 23
38, 1, 9, 1, 1, 5, 1, 36
33, 1, 11, 4, 2, 5, 1, 21
73, 1, 14, 1, 1, 5, 1, 28
45, 1, 10, 3, 1, 5, 1, 48
43, 1, 14, 1, 1, 5, 1, 24
61, 2, 8, 4, 1, 5, 1, 38
29, 1, 10, 1, 1, 9, 1, 19
26, 1, 11, 1, 1, 5, 1, 43
62, 1, 10, 1, 1, 9, 1, 38
24, 2, 9, 6, 2, 5, 1, 36
44, 2, 10, 1, 1, 5, 1, 21
56, 1, 14, 1, 1, 8, 1, 21
35, 2, 10, 1, 2, 5, 6, 23
31, 1, 10, 1, 1, 5, 1, 32
21, 1, 11, 6, 1, 5, 1, 20
57, 1, 11, 1, 1, 3, 1, 38
51, 2, 10, 6, 2, 5, 1, 20
44, 2, 8, 6, 1, 8, 1, 29
37, 1, 9, 1, 2, 5, 1, 42
66, 1, 10, 4, 1, 5, 1, 23
52, 1, 11, 1, 1, 8, 1, 23
48, 2, 14, 2, 2, 5, 1, 15
32, 1, 15, 1, 1, 5, 1, 1
27, 2, 14, 6, 1, 5, 1, 11
21, 1, 10, 1, 2, 5, 1, 33
53, 1, 15, 1, 1, 5, 1, 11
47, 1, 14, 1, 1, 5, 1, 13
27, 1, 10, 1, 1, 5, 1, 35
25, 1, 10, 1, 1, 2, 1, 31
47, 1, 15, 1, 1, 5, 20, 6
51, 2, 17, 6, 1, 6, 1, 15
46, 1, 14, 1, 1, 5, 1, 6
50, 2, 6, 4, 1, 5, 7, 45
32, 1, 15, 1, 1, 5, 45, 10
59, 1, 14, 1, 1, 5, 1, 0
54, 2, 14, 6, 1, 5, 1, 15
50, 2, 11, 4, 1, 5, 1, 18
55, 1, 14, 1, 1, 5, 5, 0
48, 1, 11, 1, 1, 5, 1, 23
55, 1, 11, 1, 1, 5, 1, 7
53, 1, 14, 1, 1, 3, 1, 23
30, 1, 9, 1, 7, 5, 1, 35
49, 1, 10, 4, 1, 5, 1, 43
51, 2, 15, 6, 1, 5, 1, 3
36, 2, 11, 4, 1, 5, 1, 25
24, 2, 12, 1, 1, 5, 1, 4
52, 1, 14, 1, 1, 5, 1, 5
49, 2, 12, 4, 1, 5, 1, 29
30, 2, 7, 1, 1, 5, 3, 38
42, 2, 11, 6, 2, 5, 6, 26
61, 1, 15, 1, 1, 9, 1, 1
25, 1, 11, 6, 1, 5, 1, 29
39, 2, 8, 1, 2, 2, 1, 23
31, 2, 12, 6, 1, 5, 1, 13
71, 2, 10, 5, 1, 9, 1, 20
35, 1, 11, 6, 1, 5, 1, 30
39, 1, 14, 6, 1, 5, 1, 23
41, 1, 12, 1, 1, 5, 1, 45
53, 1, 10, 1, 1, 5, 1, 38
55, 2, 9, 2, 2, 9, 1, 19
46, 1, 9, 1, 1, 5, 1, 40
32, 2, 12, 1, 1, 8, 1, 11
61, 1, 5, 1, 1, 5, 1, 19
41, 1, 12, 1, 1, 5, 1, 15
55, 1, 10, 1, 1, 5, 1, 1
41, 1, 14, 1, 1, 9, 1, 19
54, 1, 12, 1, 1, 5, 1, 24
45, 2, 10, 5, 1, 5, 1, 20
34, 1, 15, 1, 1, 8, 1, 11
30, 1, 11, 1, 1, 2, 1, 23
28, 2, 11, 4, 1, 5, 1, 42
26, 2, 9, 6, 2, 5, 1, 23
19, 1, 7, 6, 1, 5, 1, 24
25, 1, 10, 6, 1, 5, 1, 40
69, 1, 6, 1, 1, 6, 1, 26
56, 1, 16, 1, 1, 2, 1, 10
44, 2, 10, 6, 1, 5, 1, 25
70, 1, 15, 1, 1, 5, 1, 24
35, 1, 12, 1, 1, 5, 1, 20
60, 1, 11, 1, 1, 5, 1, 9
77, 1, 9, 4, 1, 5, 1, 23
42, 1, 16, 1, 6, 3, 59, 15
58, 1, 14, 6, 1, 5, 1, 48
39, 2, 11, 2, 1, 8, 4, 28
62, 1, 14, 1, 1, 5, 1, 13
25, 2, 11, 6, 1, 5, 1, 43
48, 1, 14, 4, 1, 8, 1, 19
54, 1, 11, 1, 1, 5, 1, 45
42, 1, 11, 1, 1, 5, 1, 0
56, 1, 11, 1, 8, 5, 1, 10
22, 2, 10, 6, 1, 5, 1, 20
34, 1, 14, 6, 1, 2, 1, 13
48, 1, 15, 6, 1, 8, 1, 11
49, 1, 10, 6, 2, 5, 1, 36
71, 1, 11, 1, 1, 5, 1, 11
44, 1, 14, 1, 2, 8, 1, 11
45, 2, 11, 4, 1, 5, 1, 0
67, 1, 14, 1, 1, 2, 1, 14
60, 1, 11, 1, 1, 6, 1, 47
74, 2, 7, 5, 2, 8, 1, 21
22, 2, 10, 6, 1, 5, 1, 39
68, 1, 5, 1, 1, 5, 1, 2
35, 1, 14, 1, 1, 5, 1, 5
34, 2, 15, 1, 1, 9, 1, 11
55, 1, 14, 1, 1, 5, 1, 6
40, 1, 11, 1, 1, 2, 1, 6
50, 2, 5, 3, 1, 5, 7, 20
19, 2, 11, 6, 4, 5, 1, 13
47, 1, 9, 1, 1, 5, 1, 21
50, 1, 15, 1, 1, 8, 1, 11
40, 1, 6, 1, 1, 5, 3, 20
56, 1, 10, 1, 2, 5, 1, 45
62, 1, 14, 1, 1, 2, 1, 24
47, 1, 15, 4, 1, 5, 1, 24
49, 2, 9, 4, 2, 5, 1, 20
43, 1, 11, 6, 1, 5, 1, 25
20, 2, 10, 1, 1, 5, 1, 18
42, 1, 6, 3, 1, 5, 1, 41
56, 1, 11, 1, 1, 9, 5, 7
35, 2, 11, 4, 1, 5, 1, 23
50, 1, 10, 4, 1, 2, 1, 31
39, 1, 9, 1, 2, 5, 1, 45
45, 1, 5, 1, 7, 5, 3, 38
44, 1, 14, 6, 1, 2, 1, 3
36, 2, 10, 6, 2, 5, 1, 29
36, 2, 12, 3, 1, 5, 1, 26
61, 1, 11, 1, 1, 5, 37, 43
60, 1, 10, 1, 1, 5, 1, 31
44, 1, 9, 1, 2, 5, 6, 28
38, 1, 12, 1, 1, 5, 1, 24
41, 2, 12, 4, 1, 5, 1, 17
50, 1, 10, 1, 1, 5, 1, 28
60, 1, 10, 4, 1, 5, 1, 25
44, 1, 7, 1, 1, 5, 1, 48
35, 1, 11, 1, 1, 5, 1, 21
45, 1, 12, 1, 1, 5, 1, 23
37, 1, 9, 1, 1, 3, 1, 31
44, 2, 10, 5, 1, 5, 1, 27
59, 1, 15, 1, 1, 9, 1, 10
73, 1, 12, 1, 1, 5, 1, 7
26, 1, 11, 1, 1, 5, 1, 23
73, 2, 9, 5, 1, 5, 1, 38
60, 1, 11, 1, 1, 6, 1, 40
37, 1, 10, 1, 1, 5, 1, 38
44, 1, 10, 1, 6, 5, 52, 32
39, 1, 10, 1, 1, 5, 1, 48
53, 2, 12, 5, 1, 5, 1, 15
48, 1, 6, 1, 1, 2, 3, 40
42, 1, 14, 1, 1, 3, 1, 24
25, 1, 11, 6, 2, 5, 1, 35
42, 2, 10, 3, 1, 9, 1, 29
58, 2, 15, 4, 1, 9, 1, 11
48, 1, 7, 1, 1, 5, 1, 35
47, 1, 11, 1, 3, 2, 1, 2
66, 1, 11, 1, 1, 5, 1, 23
37, 1, 14, 1, 1, 6, 1, 8
51, 1, 10, 1, 1, 5, 34, 32
35, 1, 7, 1, 1, 5, 1, 33
33, 2, 12, 3, 1, 5, 1, 2
33, 1, 15, 6, 1, 8, 1, 11
52, 2, 9, 4, 1, 5, 1, 48
48, 1, 11, 1, 1, 9, 1, 45
60, 1, 10, 1, 1, 5, 1, 36
60, 2, 14, 5, 4, 9, 54, 28
29, 2, 14, 6, 2, 9, 1, 2
45, 2, 5, 1, 1, 5, 1, 20
63, 1, 17, 1, 1, 6, 1, 9
45, 2, 17, 4, 1, 2, 1, 4
41, 1, 11, 1, 1, 5, 1, 23
65, 1, 14, 1, 1, 2, 1, 24
26, 2, 10, 1, 3, 5, 1, 21
45, 1, 10, 1, 1, 5, 1, 40
38, 2, 7, 1, 1, 8, 1, 20
54, 1, 12, 1, 1, 2, 1, 31
34, 1, 9, 1, 8, 5, 4, 31
41, 1, 10, 1, 1, 5, 1, 35
44, 2, 11, 6, 8, 5, 7, 16
38, 1, 15, 1, 1, 5, 1, 2
53, 1, 10, 1, 1, 9, 1, 35
48, 1, 11, 1, 1, 9, 1, 43
52, 2, 15, 4, 1, 5, 1, 3
55, 1, 11, 1, 1, 5, 1, 35
24, 2, 11, 6, 1, 5, 1, 23
29, 1, 12, 1, 1, 5, 1, 36
58, 1, 14, 5, 2, 5, 1, 11
72, 1, 14, 1, 1, 5, 1, 2
53, 2, 10, 5, 1, 8, 7, 18
52, 1, 14, 1, 1, 5, 1, 0
39, 2, 17, 1, 1, 8, 1, 11
52, 1, 14, 1, 1, 5, 1, 30
60, 2, 8, 5, 1, 5, 1, 48
51, 1, 1, 1, 1, 2, 3, 32
48, 2, 10, 3, 6, 5, 54, 41
44, 1, 9, 6, 2, 5, 1, 31
48, 1, 14, 1, 4, 8, 46, 10
28, 2, 8, 1, 7, 5, 1, 24
22, 2, 10, 6, 1, 5, 1, 48
43, 1, 10, 1, 1, 5, 1, 45
55, 1, 11, 1, 5, 3, 1, 3
51, 1, 10, 1, 1, 5, 1, 21
58, 1, 10, 1, 1, 5, 1, 24
39, 2, 14, 1, 1, 9, 1, 0
54, 2, 12, 4, 1, 5, 1, 19
67, 1, 10, 1, 1, 2, 1, 1
66, 1, 5, 1, 1, 5, 1, 36
20, 2, 14, 6, 2, 5, 1, 17
51, 1, 10, 1, 1, 5, 1, 2
38, 1, 10, 1, 1, 5, 1, 30
40, 1, 15, 1, 1, 5, 1, 15
26, 1, 10, 3, 8, 2, 1, 3
46, 2, 11, 6, 3, 5, 1, 0
31, 2, 14, 1, 1, 5, 1, 3
53, 1, 14, 6, 1, 5, 1, 14
50, 1, 14, 1, 2, 5, 1, 10
33, 2, 11, 4, 8, 5, 1, 28
31, 2, 11, 6, 2, 5, 4, 25
34, 1, 14, 1, 1, 5, 1, 0
36, 2, 12, 1, 1, 9, 26, 28
45, 1, 15, 1, 1, 3, 1, 1
48, 2, 10, 1, 1, 5, 5, 23
39, 2, 12, 4, 1, 5, 1, 5
31, 1, 10, 6, 1, 5, 1, 31
42, 2, 12, 3, 1, 5, 1, 4
30, 1, 12, 2, 6, 5, 59, 38
34, 1, 10, 6, 1, 5, 1, 28
73, 2, 11, 5, 1, 5, 1, 29
59, 1, 9, 1, 4, 5, 57, 41
43, 2, 11, 6, 1, 5, 1, 24
48, 1, 14, 4, 1, 2, 1, 24
67, 1, 10, 1, 1, 9, 1, 26
40, 1, 10, 4, 1, 5, 1, 47
78, 1, 10, 6, 1, 5, 1, 25
35, 1, 7, 1, 1, 2, 1, 32
93, 1, 6, 1, 1, 2, 1, 32
29, 2, 12, 6, 1, 5, 1, 20
35, 1, 12, 1, 1, 5, 1, 44
80, 1, 10, 1, 1, 5, 1, 22
34, 1, 14, 1, 1, 5, 1, 4
31, 2, 14, 6, 1, 5, 1, 26
61, 1, 14, 1, 1, 2, 1, 31
36, 2, 11, 4, 2, 6, 1, 49
24, 1, 8, 3, 7, 5, 3, 38
36, 2, 5, 2, 1, 5, 1, 23
26, 1, 10, 1, 2, 5, 1, 48
39, 1, 11, 1, 1, 5, 1, 5
48, 1, 10, 1, 1, 5, 1, 9
70, 2, 14, 5, 1, 5, 1, 15
35, 1, 10, 1, 1, 5, 1, 2
52, 1, 14, 1, 1, 9, 1, 16
47, 2, 15, 2, 1, 9, 1, 11
29, 2, 11, 4, 1, 5, 1, 10
47, 1, 17, 1, 1, 8, 1, 8
37, 1, 15, 1, 1, 5, 1, 10
56, 2, 10, 3, 1, 5, 2, 28
51, 1, 10, 1, 1, 5, 1, 36
60, 2, 14, 1, 1, 9, 1, 11
42, 2, 15, 1, 1, 5, 20, 24
34, 2, 14, 6, 1, 5, 1, 15
46, 2, 11, 4, 1, 5, 1, 24
38, 1, 11, 1, 1, 5, 1, 5
36, 1, 9, 1, 8, 5, 3, 43
60, 1, 10, 1, 1, 9, 1, 45
31, 1, 11, 1, 6, 2, 57, 22
27, 2, 14, 6, 1, 5, 1, 4
52, 1, 7, 1, 7, 10, 1, 23
64, 2, 9, 3, 8, 9, 1, 18
37, 1, 12, 1, 1, 5, 1, 24
41, 1, 11, 1, 1, 5, 1, 38
47, 1, 10, 1, 1, 6, 1, 7
21, 1, 11, 6, 1, 5, 2, 5
58, 1, 10, 1, 1, 2, 1, 37
22, 2, 11, 6, 1, 5, 1, 29
70, 1, 15, 1, 1, 5, 1, 10
46, 1, 11, 4, 1, 5, 1, 45
52, 1, 12, 1, 1, 8, 1, 11
49, 1, 10, 4, 2, 5, 1, 40
56, 1, 15, 1, 1, 5, 1, 24
51, 1, 11, 1, 2, 8, 1, 19
56, 2, 14, 4, 1, 5, 1, 1
71, 1, 7, 1, 1, 5, 1, 10
66, 1, 10, 1, 1, 5, 1, 25
52, 1, 14, 6, 1, 8, 1, 12
33, 1, 5, 1, 7, 5, 3, 42
45, 1, 10, 1, 1, 3, 1, 23
63, 1, 15, 1, 1, 5, 1, 28
28, 1, 14, 6, 6, 5, 57, 5
60, 1, 11, 1, 1, 5, 1, 48
25, 1, 14, 6, 1, 5, 1, 24
41, 1, 14, 6, 1, 5, 1, 20
30, 1, 14, 1, 1, 5, 1, 4
34, 2, 11, 1, 2, 5, 1, 5
43, 1, 10, 1, 1, 8, 1, 33
31, 2, 14, 6, 1, 5, 1, 4
35, 1, 14, 1, 1, 8, 1, 11
27, 2, 10, 6, 1, 2, 1, 22
37, 1, 14, 1, 1, 5, 1, 1
37, 1, 5, 6, 1, 5, 1, 38
21, 2, 10, 1, 1, 5, 1, 2
34, 2, 11, 6, 1, 9, 1, 43
41, 2, 14, 4, 1, 5, 1, 7
56, 1, 12, 1, 1, 9, 1, 19
62, 1, 1, 1, 4, 5, 50, 20
54, 1, 10, 1, 1, 5, 1, 43
27, 1, 15, 1, 6, 5, 59, 5
25, 2, 15, 1, 6, 5, 59, 5
43, 1, 5, 6, 7, 5, 3, 31
57, 1, 10, 1, 1, 5, 1, 40
41, 1, 10, 1, 1, 3, 1, 0
49, 1, 11, 6, 4, 2, 1, 43
53, 1, 14, 1, 1, 5, 1, 0
41, 2, 11, 6, 7, 5, 3, 10
38, 1, 12, 1, 1, 5, 1, 38
40, 1, 14, 1, 1, 5, 1, 23
47, 1, 6, 1, 1, 5, 1, 40
77, 1, 10, 1, 1, 5, 5, 22
56, 1, 14, 6, 1, 5, 1, 45
24, 1, 10, 1, 1, 5, 1, 38
21, 1, 10, 1, 1, 5, 1, 0
36, 1, 12, 1, 1, 5, 5, 17
36, 2, 11, 6, 1, 5, 1, 25
26, 1, 14, 6, 1, 5, 1, 11
25, 2, 10, 6, 2, 2, 1, 18
68, 1, 14, 4, 1, 2, 1, 4
31, 2, 14, 6, 2, 8, 1, 11
51, 1, 11, 1, 1, 3, 1, 30
44, 1, 10, 6, 4, 5, 46, 22
50, 1, 10, 1, 1, 5, 1, 5
42, 1, 12, 6, 1, 5, 1, 21
42, 1, 10, 1, 1, 5, 1, 31
25, 2, 10, 1, 1, 5, 1, 23
36, 1, 10, 4, 1, 5, 1, 2
39, 1, 10, 1, 1, 5, 1, 30
72, 1, 10, 1, 1, 2, 2, 31
50, 1, 12, 1, 1, 5, 1, 28
37, 1, 1, 4, 7, 5, 4, 21
53, 1, 11, 1, 1, 5, 1, 44
61, 1, 15, 1, 1, 8, 1, 1
31, 1, 17, 1, 1, 5, 70, 5
33, 1, 9, 1, 1, 2, 1, 2
53, 1, 6, 1, 1, 2, 1, 36
34, 1, 9, 1, 1, 5, 1, 36
41, 1, 15, 1, 1, 3, 1, 1
73, 2, 11, 5, 1, 5, 7, 25
36, 2, 7, 5, 2, 5, 1, 21
26, 1, 10, 1, 1, 8, 1, 21
42, 2, 14, 4, 1, 5, 1, 26
45, 1, 7, 3, 8, 5, 1, 31
42, 1, 10, 1, 1, 5, 1, 2
34, 1, 9, 3, 2, 5, 1, 26
50, 1, 11, 1, 4, 3, 46, 0
42, 1, 10, 1, 1, 5, 1, 45
36, 1, 11, 1, 2, 6, 1, 21
61, 2, 14, 1, 1, 5, 1, 10
52, 1, 10, 1, 1, 8, 1, 36
24, 1, 10, 1, 1, 5, 1, 36
50, 1, 1, 1, 2, 5, 1, 34
51, 1, 12, 1, 1, 5, 1, 35
41, 1, 10, 4, 1, 5, 1, 40
42, 2, 11, 4, 1, 5, 1, 45
48, 1, 14, 1, 1, 5, 1, 21
45, 2, 8, 4, 7, 5, 1, 18
35, 1, 10, 1, 2, 5, 1, 36
41, 1, 14, 1, 1, 5, 1, 20
33, 2, 10, 4, 1, 5, 1, 20
62, 1, 9, 1, 1, 5, 1, 45
47, 1, 14, 1, 1, 3, 1, 1
50, 2, 11, 1, 1, 5, 1, 0
29, 2, 11, 4, 1, 5, 1, 23
32, 1, 14, 6, 6, 5, 54, 15
58, 1, 15, 1, 1, 2, 1, 3
31, 1, 6, 6, 7, 5, 1, 30
58, 1, 11, 4, 1, 8, 1, 19
57, 1, 9, 1, 8, 5, 7, 39
52, 1, 12, 1, 1, 5, 1, 31
40, 2, 14, 1, 1, 5, 1, 14
24, 2, 14, 6, 1, 9, 1, 11
46, 1, 14, 1, 1, 5, 1, 0
44, 1, 5, 1, 1, 5, 1, 34
64, 1, 10, 1, 1, 2, 1, 4
50, 1, 11, 1, 1, 2, 1, 23
36, 1, 10, 1, 1, 5, 3, 41
31, 1, 10, 6, 2, 2, 1, 45
34, 2, 14, 4, 6, 5, 48, 5
44, 1, 10, 6, 1, 5, 1, 38
43, 1, 14, 1, 1, 5, 1, 31
40, 1, 15, 1, 4, 5, 1, 3
23, 1, 11, 6, 1, 5, 1, 23
33, 1, 11, 1, 1, 5, 1, 1
24, 1, 11, 6, 1, 5, 3, 2
51, 1, 14, 1, 1, 6, 2, 29
38, 1, 12, 1, 1, 5, 1, 32
50, 1, 14, 1, 1, 5, 1, 11
42, 1, 11, 1, 1, 5, 1, 45
32, 2, 1, 6, 1, 5, 1, 44
43, 2, 11, 4, 1, 5, 1, 20
25, 2, 12, 6, 1, 5, 1, 15
43, 2, 14, 6, 1, 5, 1, 15
24, 1, 5, 1, 1, 5, 37, 38
38, 2, 10, 4, 1, 5, 1, 45
47, 1, 10, 1, 1, 5, 1, 31
84, 1, 10, 1, 1, 9, 1, 37
41, 1, 14, 1, 1, 5, 1, 5
34, 1, 10, 1, 1, 5, 1, 43
24, 1, 10, 4, 7, 5, 1, 0
59, 1, 14, 1, 1, 5, 1, 0
72, 1, 11, 1, 1, 5, 1, 7
42, 1, 10, 1, 2, 5, 1, 20
34, 1, 15, 1, 1, 2, 1, 1
23, 2, 8, 6, 2, 5, 1, 21
51, 1, 15, 1, 1, 8, 1, 1
39, 1, 14, 1, 1, 5, 1, 5
61, 1, 15, 1, 1, 2, 1, 4
35, 2, 10, 4, 1, 5, 1, 24
67, 2, 6, 5, 1, 5, 1, 23
48, 2, 11, 4, 1, 6, 1, 3
20, 2, 11, 6, 1, 5, 1, 27
54, 1, 10, 1, 1, 5, 1, 48
59, 2, 10, 5, 1, 5, 1, 13
38, 1, 10, 1, 1, 5, 1, 21
59, 2, 11, 1, 3, 5, 1, 20
30, 2, 11, 3, 1, 5, 1, 26
79, 1, 10, 5, 1, 5, 1, 23
20, 1, 11, 6, 8, 5, 1, 26
21, 1, 11, 6, 1, 5, 1, 40
